0 -717.485 0 15
0.1 -717.459 0.519 15
0.2 -717.381 1.038 15
0.3 -717.251 1.557 15
0.4 -717.069 2.076 15
0.5 -716.836 2.595 15
0.6 -716.55 3.114 15
0.7 -716.213 3.633 15
0.8 -715.824 4.152 15
0.9 -715.383 4.671 15
1 -714.89 5.19 15
1.1 -714.345 5.709 15
1.2 -713.748 6.228 15
1.3 -713.099 6.747 15
1.4 -712.398 7.266 15
1.5 -711.646 7.785 15
1.6 -710.841 8.304 15
1.7 -709.985 8.823 15
1.8 -709.077 9.342 15
1.9 -708.117 9.861 15
2 -707.105 10.38 15
2.1 -706.041 10.899 15
2.2 -704.925 11.418 15
2.3 -703.757 11.937 15
2.4 -702.537 12.456 15
2.5 -701.266 12.975 15
2.6 -699.942 13.494 15
2.7 -698.567 14.013 15
2.8 -697.14 14.532 15
2.9 -695.661 15.051 15
3 -694.13 15.57 15
3.1 -692.547 16.089 15
3.2 -690.912 16.608 15
3.3 -689.225 17.127 15
3.4 -687.486 17.646 15
3.5 -685.696 18.165 15
3.6 -683.853 18.684 15
3.7 -681.959 19.203 15
3.8 -680.013 19.722 15
3.9 -678.015 20.241 15
4 -675.965 20.76 15
4.1 -673.863 21.279 15
4.2 -671.709 21.798 15
4.3 -669.503 22.317 15
4.4 -667.245 22.836 15
4.5 -664.936 23.355 15
4.6 -662.574 23.874 15
4.7 -660.161 24.393 15
4.8 -657.696 24.912 15
4.9 -655.179 25.431 15
5 -652.61 25.95 15
5.1 -649.989 26.469 15
5.2 -647.316 26.988 15
5.3 -644.591 27.507 15
5.4 -641.814 28.026 15
5.5 -638.986 28.545 15
5.6 -636.105 29.064 15
5.7 -633.173 29.583 15
5.8 -630.189 30.102 15
5.9 -627.153 30.621 15
6 -624.065 31.14 15
6.1 -620.925 31.659 15
6.2 -617.733 32.178 15
6.3 -614.489 32.697 15
6.4 -611.193 33.216 15
6.5 -607.846 33.735 15
6.6 -604.446 34.254 15
6.7 -600.995 34.773 15
6.8 -597.492 35.292 15
6.9 -593.937 35.811 15
7 -590.33 36.33 15
7.1 -586.671 36.849 15
7.2 -582.96 37.368 0
7.3 -579.272 36.387 15
7.4 -575.607 36.906 15
7.5 -571.891 37.425 0
7.6 -568.197 36.444 15
7.7 -564.527 36.963 15
7.8 -560.805 37.482 0
7.9 -557.106 36.501 15
8 -553.43 37.02 15
8.1 -549.702 37.539 0
8.2 -545.997 36.558 15
8.3 -542.315 37.077 15
8.4 -538.581 37.596 0
8.5 -534.871 36.615 15
8.6 -531.183 37.134 15
8.7 -527.444 37.653 0
8.8 -523.728 36.672 15
8.9 -520.035 37.191 15
9 -516.29 37.71 0
9.1 -512.568 36.729 15
9.2 -508.869 37.248 15
9.3 -505.118 37.767 0
9.4 -501.39 36.786 15
9.5 -497.686 37.305 0
9.6 -494.004 36.324 15
9.7 -490.346 36.843 15
9.8 -486.636 37.362 0
9.9 -482.949 36.381 15
10 -479.285 36.9 15
10.1 -475.569 37.419 0
10.2 -471.876 36.438 15
10.3 -468.206 36.957 15
10.4 -464.484 37.476 0
10.5 -460.786 36.495 15
10.6 -457.11 37.014 15
10.7 -453.383 37.533 0
10.8 -449.679 36.552 15
10.9 -445.998 37.071 15
11 -442.265 37.59 0
11.1 -438.555 36.609 15
11.2 -434.868 37.128 15
11.3 -431.129 37.647 0
11.4 -427.413 36.666 15
11.5 -423.721 37.185 15
11.6 -419.976 37.704 0
11.7 -416.255 36.723 15
11.8 -412.557 37.242 15
11.9 -408.807 37.761 0
12 -405.08 36.78 15
12.1 -401.376 37.299 0
12.2 -397.695 36.318 15
12.3 -394.037 36.837 15
12.4 -390.327 37.356 0
12.5 -386.641 36.375 15
12.6 -382.977 36.894 15
12.7 -379.262 37.413 0
12.8 -375.57 36.432 15
12.9 -371.901 36.951 15
13 -368.18 37.47 0
13.1 -364.482 36.489 15
13.2 -360.807 37.008 15
13.3 -357.08 37.527 0
13.4 -353.376 36.546 15
13.5 -349.696 37.065 15
13.6 -345.963 37.584 0
13.7 -342.254 36.603 15
13.8 -338.568 37.122 15
13.9 -334.83 37.641 0
14 -331.115 36.66 15
14.1 -327.423 37.179 15
14.2 -323.679 37.698 0
14.3 -319.958 36.717 15
14.4 -316.26 37.236 15
14.5 -312.511 37.755 0
14.6 -308.784 36.774 15
14.7 -305.081 37.293 0
14.8 -301.401 36.312 15
14.9 -297.744 36.831 15
15 -294.035 37.35 0
15.1 -290.349 36.369 15
15.2 -286.686 36.888 15
15.3 -282.971 37.407 0
15.4 -279.279 36.426 15
15.5 -275.611 36.945 15
15.6 -271.89 37.464 0
15.7 -268.193 36.483 15
15.8 -264.519 37.002 15
15.9 -260.793 37.521 0
16 -257.09 36.54 15
16.1 -253.41 37.059 15
16.2 -249.678 37.578 0
16.3 -245.969 36.597 15
16.4 -242.283 37.116 15
16.5 -238.546 37.635 0
16.6 -234.831 36.654 15
16.7 -231.14 37.173 15
16.8 -227.397 37.692 0
16.9 -223.677 36.711 15
17 -219.98 37.23 15
17.1 -216.231 37.749 0
17.2 -212.505 36.768 15
17.3 -208.802 37.287 0
17.4 -205.122 36.306 15
17.5 -201.466 36.825 15
17.6 -197.757 37.344 0
17.7 -194.072 36.363 15
17.8 -190.41 36.882 15
17.9 -186.696 37.401 0
18 -183.005 36.42 15
18.1 -179.337 36.939 15
18.2 -175.617 37.458 0
18.3 -171.92 36.477 15
18.4 -168.246 36.996 15
18.5 -164.521 37.515 0
18.6 -160.818 36.534 15
18.7 -157.139 37.053 15
18.8 -153.408 37.572 0
18.9 -149.7 36.591 15
19 -146.015 37.11 15
19.1 -142.278 37.629 0
19.2 -138.564 36.648 15
19.3 -134.873 37.167 15
19.4 -131.13 37.686 0
19.5 -127.411 36.705 15
19.6 -123.714 37.224 15
19.7 -119.966 37.743 0
19.8 -116.241 36.762 15
19.9 -112.539 37.281 0
20 125.386 36.3 0
20.1 128.967 35.319 0
20.2 132.45 34.338 0
20.3 135.834 33.357 0
20.4 139.121 32.376 0
20.5 142.31 31.395 0
20.6 145.4 30.414 0
20.7 148.392 29.433 0
20.8 151.287 28.452 0
20.9 154.083 27.471 0
21 156.781 26.49 0
21.1 159.381 25.509 0
21.2 161.883 24.528 0
21.3 164.286 23.547 0
21.4 166.592 22.566 0
21.5 168.8 21.585 0
21.6 170.909 20.604 0
21.7 172.92 19.623 0
21.8 174.834 18.642 0
21.9 176.649 17.661 0
22 178.366 16.68 0
22.1 179.985 15.699 0
22.2 181.506 14.718 0
22.3 182.928 13.737 0
22.4 184.253 12.756 0
22.5 185.48 11.775 0
22.6 186.608 10.794 0
22.7 187.638 9.813 0
22.8 188.571 8.832 0
22.9 189.405 7.851 0
23 190.141 6.87 0
23.1 190.779 5.889 0
23.2 191.319 4.908 0
23.3 191.76 3.927 0
23.4 192.104 2.946 0
23.5 192.35 1.965 0
23.6 192.497 0.984 0
23.7 192.546 0.003 0
23.8 192.498 -0.978 0
23.9 192.351 -1.959 0
24 192.106 -2.94 0
24.1 191.763 -3.921 0
24.2 191.322 -4.902 0
24.3 190.782 -5.883 0
24.4 190.145 -6.864 0
24.5 189.41 -7.845 0
24.6 188.576 -8.826 0
24.7 187.644 -9.807 0
24.8 186.615 -10.788 0
24.9 185.487 -11.769 0
25 184.261 -12.75 0
25.1 182.937 -13.731 0
25.2 181.515 -14.712 0
25.3 179.994 -15.693 0
25.4 178.376 -16.674 0
25.5 176.66 -17.655 0
25.6 174.845 -18.636 0
25.7 172.932 -19.617 0
25.8 170.922 -20.598 0
25.9 168.813 -21.579 0
26 166.606 -22.56 0
26.1 164.301 -23.541 0
26.2 161.898 -24.522 0
26.3 159.396 -25.503 15
26.4 156.872 -24.984 0
26.5 154.325 -25.965 15
26.6 151.754 -25.446 0
26.7 149.16 -26.427 15
26.8 146.544 -25.908 15
26.9 143.979 -25.389 0
27 141.391 -26.37 15
27.1 138.78 -25.851 15
27.2 136.221 -25.332 0
27.3 133.638 -26.313 15
27.4 131.033 -25.794 15
27.5 128.48 -25.275 0
27.6 125.903 -26.256 15
27.7 123.303 -25.737 15
27.8 120.756 -25.218 0
27.9 118.185 -26.199 15
28 115.591 -25.68 15
28.1 113.049 -25.161 0
28.2 110.484 -26.142 15
28.3 107.895 -25.623 15
28.4 105.359 -25.104 0
28.5 102.8 -26.085 15
28.6 100.217 -25.566 15
28.7 97.6863 -25.047 0
28.8 95.1326 -26.028 15
28.9 92.5557 -25.509 15
29 90.0308 -24.99 15
29.1 87.5577 -24.471 15
29.2 85.1366 -23.952 15
29.3 82.7673 -23.433 15
29.4 80.45 -22.914 15
29.5 78.1845 -22.395 15
29.6 75.971 -21.876 15
29.7 73.8093 -21.357 15
29.8 71.6996 -20.838 15
29.9 69.6417 -20.319 15
30 67.6358 -19.8 15
30.1 65.6817 -19.281 15
30.2 63.7796 -18.762 15
30.3 61.9293 -18.243 15
30.4 60.131 -17.724 15
30.5 58.3845 -17.205 15
30.6 56.69 -16.686 15
30.7 55.0473 -16.167 15
30.8 53.4566 -15.648 15
30.9 51.9177 -15.129 15
31 50.4308 -14.61 15
31.1 48.9957 -14.091 15
31.2 47.6126 -13.572 15
31.3 46.2813 -13.053 15
31.4 45.002 -12.534 15
31.5 43.7745 -12.015 15
31.6 42.599 -11.496 15
31.7 41.4753 -10.977 15
31.8 40.4036 -10.458 15
31.9 39.3837 -9.939 15
32 38.4158 -9.42 0
32.1 37.4247 -10.401 15
32.2 36.4106 -9.882 15
32.3 35.4483 -9.363 0
32.4 34.463 -10.344 15
32.5 33.4545 -9.825 15
32.6 32.498 -9.306 15
32.7 31.5933 -8.787 15
32.8 30.7406 -8.268 15
32.9 29.9397 -7.749 15
33 29.1908 -7.23 15
33.1 28.4937 -6.711 15
33.2 27.8486 -6.192 15
33.3 27.2553 -5.673 0
33.4 26.639 -6.654 15
33.5 25.9995 -6.135 15
33.6 25.412 -5.616 0
33.7 24.8013 -6.597 15
33.8 24.1676 -6.078 15
33.9 23.5857 -5.559 0
34 22.9808 -6.54 15
34.1 22.3527 -6.021 15
34.2 21.7766 -5.502 0
34.3 21.1773 -6.483 15
34.4 20.555 -5.964 15
34.5 19.9845 -5.445 0
34.6 19.391 -6.426 15
34.7 18.7743 -5.907 15
34.8 18.2096 -5.388 0
34.9 17.6217 -6.369 15
35 17.0108 -5.85 15
35.1 16.4517 -5.331 15
35.2 15.9446 -4.812 15
35.3 15.4893 -4.293 15
35.4 15.086 -3.774 15
35.5 14.7345 -3.255 15
35.6 14.435 -2.736 15
35.7 14.1873 -2.217 15
35.8 13.9916 -1.698 0
35.9 13.7727 -2.679 15
36 13.5308 -2.16 15
36.1 13.3407 -1.641 0
36.2 13.1276 -2.622 15
36.3 12.8913 -2.103 15
36.4 12.707 -1.584 0
36.5 12.4995 -2.565 15
36.6 12.269 -2.046 15
36.7 12.0903 -1.527 0
36.8 11.8886 -2.508 15
36.9 11.6637 -1.989 15
37 11.4908 -1.47 0
37.1 11.2947 -2.451 15
37.2 11.0756 -1.932 0
37.3 10.8333 -2.913 15
37.4 10.568 -2.394 15
37.5 10.3545 -1.875 0
37.6 10.118 -2.856 15
37.7 9.85831 -2.337 15
37.8 9.65056 -1.818 0
37.9 9.41971 -2.799 15
38 9.16576 -2.28 15
38.1 8.96371 -1.761 0
38.2 8.73856 -2.742 15
38.3 8.49031 -2.223 15
38.4 8.29396 -1.704 0
38.5 8.07451 -2.685 15
38.6 7.83196 -2.166 15
38.7 7.64131 -1.647 0
38.8 7.42756 -2.628 15
38.9 7.19071 -2.109 15
39 7.00576 -1.59 0
39.1 6.79771 -2.571 15
39.2 6.56656 -2.052 15
39.3 6.38731 -1.533 0
39.4 6.18496 -2.514 15
39.5 5.95951 -1.995 15
39.6 5.78596 -1.476 15
39.7 5.66431 -0.957 15
39.8 5.59456 -0.438 15
39.9 5.57671 0.081 15
40 192.348 0.6 0
40.1 192.358 -0.381 0
40.2 192.271 -1.362 0
40.3 192.086 -2.343 0
40.4 191.803 -3.324 0
40.5 191.421 -4.305 0
40.6 190.942 -5.286 0
40.7 190.364 -6.267 0
40.8 189.688 -7.248 0
40.9 188.914 -8.229 0
41 188.043 -9.21 0
41.1 187.072 -10.191 0
41.2 186.004 -11.172 0
41.3 184.838 -12.153 0
41.4 183.574 -13.134 0
41.5 182.211 -14.115 0
41.6 180.751 -15.096 0
41.7 179.192 -16.077 0
41.8 177.535 -17.058 0
41.9 175.78 -18.039 0
42 173.928 -19.02 0
42.1 171.976 -20.001 0
42.2 169.927 -20.982 0
42.3 167.78 -21.963 0
42.4 165.535 -22.944 0
42.5 163.191 -23.925 0
42.6 160.75 -24.906 0
42.7 158.21 -25.887 15
42.8 155.647 -25.368 0
42.9 153.061 -26.349 15
43 150.453 -25.83 15
43.1 147.895 -25.311 0
43.2 145.315 -26.292 15
43.3 142.712 -25.773 15
43.4 140.161 -25.254 0
43.5 137.586 -26.235 15
43.6 134.989 -25.716 15
43.7 132.443 -25.197 0
43.8 129.874 -26.178 15
43.9 127.282 -25.659 15
44 124.743 -25.14 0
44.1 122.179 -26.121 15
44.2 119.593 -25.602 15
44.3 117.059 -25.083 0
44.4 114.502 -26.064 15
44.5 111.921 -25.545 15
44.6 109.393 -25.026 0
44.7 106.841 -26.007 15
44.8 104.266 -25.488 0
44.9 101.668 -26.469 15
45 99.0475 -25.95 15
45.1 96.4785 -25.431 0
45.2 93.8863 -26.412 15
45.3 91.2711 -25.893 15
45.4 88.7077 -25.374 15
45.5 86.1963 -24.855 15
45.6 83.7367 -24.336 15
45.7 81.3291 -23.817 15
45.8 78.9733 -23.298 15
45.9 76.6695 -22.779 15
46 74.4175 -22.26 15
46.1 72.2175 -21.741 15
46.2 70.0693 -21.222 15
46.3 67.9731 -20.703 15
46.4 65.9287 -20.184 15
46.5 63.9363 -19.665 15
46.6 61.9957 -19.146 15
46.7 60.1071 -18.627 15
46.8 58.2703 -18.108 15
46.9 56.4855 -17.589 15
47 54.7525 -17.07 15
47.1 53.0715 -16.551 15
47.2 51.4423 -16.032 15
47.3 49.8651 -15.513 15
47.4 48.3397 -14.994 15
47.5 46.8663 -14.475 15
47.6 45.4447 -13.956 15
47.7 44.0751 -13.437 15
47.8 42.7573 -12.918 15
47.9 41.4915 -12.399 15
48 40.2775 -11.88 15
48.1 39.1155 -11.361 15
48.2 38.0053 -10.842 15
48.3 36.9471 -10.323 15
48.4 35.9407 -9.804 15
48.5 34.9863 -9.285 0
48.6 34.0087 -10.266 15
48.7 33.0081 -9.747 15
48.8 32.0593 -9.228 15
48.9 31.1625 -8.709 15
49 30.3175 -8.19 15
49.1 29.5245 -7.671 15
49.2 28.7833 -7.152 15
49.3 28.0941 -6.633 15
49.4 27.4567 -6.114 15
49.5 26.8713 -5.595 0
49.6 26.2627 -6.576 15
49.7 25.6311 -6.057 15
49.8 25.0513 -5.538 0
49.9 24.4485 -6.519 15
50 23.8225 -6 15
50.1 23.2485 -5.481 0
50.2 22.6513 -6.462 15
50.3 22.0311 -5.943 15
50.4 21.4627 -5.424 0
50.5 20.8713 -6.405 15
50.6 20.2567 -5.886 15
50.7 19.6941 -5.367 0
50.8 19.1083 -6.348 15
50.9 18.4995 -5.829 0
51 17.8675 -6.81 15
51.1 17.2125 -6.291 15
51.2 16.6093 -5.772 15
51.3 16.0581 -5.253 15
51.4 15.5587 -4.734 15
51.5 15.1113 -4.215 15
51.6 14.7157 -3.696 15
51.7 14.3721 -3.177 15
51.8 14.0803 -2.658 15
51.9 13.8405 -2.139 15
52 13.6525 -1.62 0
52.1 13.4415 -2.601 15
52.2 13.2073 -2.082 15
52.3 13.0251 -1.563 0
52.4 12.8197 -2.544 15
52.5 12.5913 -2.025 15
52.6 12.4147 -1.506 0
52.7 12.2151 -2.487 15
52.8 11.9923 -1.968 15
52.9 11.8215 -1.449 0
53 11.6275 -2.43 15
53.1 11.4105 -1.911 0
53.2 11.1703 -2.892 15
53.3 10.9071 -2.373 15
53.4 10.6957 -1.854 0
53.5 10.4613 -2.835 15
53.6 10.2037 -2.316 15
53.7 9.99805 -1.797 0
53.8 9.7693 -2.778 15
53.9 9.51745 -2.259 15
54 9.3175 -1.74 0
54.1 9.09445 -2.721 15
54.2 8.8483 -2.202 15
54.3 8.65405 -1.683 0
54.4 8.4367 -2.664 15
54.5 8.19625 -2.145 15
54.6 8.0077 -1.626 0
54.7 7.79605 -2.607 15
54.8 7.5613 -2.088 15
54.9 7.37845 -1.569 0
55 7.1725 -2.55 15
55.1 6.94345 -2.031 15
55.2 6.7663 -1.512 0
55.3 6.56605 -2.493 15
55.4 6.3427 -1.974 15
55.5 6.17125 -1.455 0
55.6 5.9767 -2.436 15
55.7 5.75905 -1.917 15
55.8 5.5933 -1.398 15
55.9 5.47945 -0.879 15
56 5.4175 -0.36 15
56.1 5.40745 0.159 15
56.2 5.4493 0.678 15
56.3 5.54305 1.197 15
56.4 5.6887 1.716 15
56.5 5.88625 2.235 0
56.6 6.0607 1.254 0
56.7 6.13705 0.273 0
56.8 6.1153 -0.708 0
56.9 5.99545 -1.689 0
57 5.7775 -2.67 15
57.1 5.53645 -2.151 15
57.2 5.3473 -1.632 15
57.3 5.21005 -1.113 15
57.4 5.1247 -0.594 15
57.5 5.09125 -0.075 15
57.6 5.1097 0.444 15
57.7 5.18005 0.963 15
57.8 5.3023 1.482 15
57.9 5.47645 2.001 0
58 5.6275 1.02 15
58.1 5.75545 1.539 15
58.2 5.9353 2.058 0
58.3 6.09205 1.077 0
58.4 6.1507 0.096 0
58.5 6.11125 -0.885 0
58.6 5.9737 -1.866 0
58.7 5.73805 -2.847 15
58.8 5.4793 -2.328 15
58.9 5.27245 -1.809 15
59 5.1175 -1.29 15
59.1 5.01445 -0.771 15
59.2 4.9633 -0.252 15
59.3 4.96405 0.267 15
59.4 5.0167 0.786 15
59.5 5.12125 1.305 15
59.6 5.2777 1.824 15
59.7 5.48605 2.343 0
59.8 5.6713 1.362 15
59.9 5.83345 1.881 15
60 -172.217 2.4 15
60.1 -171.951 2.919 15
60.2 -171.633 3.438 15
60.3 -171.264 3.957 15
60.4 -170.842 4.476 15
60.5 -170.368 4.995 15
60.6 -169.843 5.514 15
60.7 -169.266 6.033 15
60.8 -168.636 6.552 15
60.9 -167.955 7.071 15
61 -167.222 7.59 15
61.1 -166.437 8.109 15
61.2 -165.6 8.628 15
61.3 -164.712 9.147 15
61.4 -163.771 9.666 15
61.5 -162.778 10.185 15
61.6 -161.734 10.704 15
61.7 -160.638 11.223 15
61.8 -159.489 11.742 15
61.9 -158.289 12.261 15
62 -157.037 12.78 15
62.1 -155.733 13.299 15
62.2 -154.377 13.818 15
62.3 -152.97 14.337 15
62.4 -151.51 14.856 15
62.5 -149.998 15.375 15
62.6 -148.435 15.894 15
62.7 -146.82 16.413 15
62.8 -145.152 16.932 15
62.9 -143.433 17.451 15
63 -141.662 17.97 15
63.1 -139.839 18.489 15
63.2 -137.964 19.008 15
63.3 -136.038 19.527 15
63.4 -134.059 20.046 15
63.5 -132.028 20.565 15
63.6 -129.946 21.084 15
63.7 -127.812 21.603 15
63.8 -125.625 22.122 15
63.9 -123.387 22.641 15
64 -121.097 23.16 15
64.1 -118.755 23.679 15
64.2 -116.361 24.198 15
64.3 -113.916 24.717 15
64.4 -111.418 25.236 15
64.5 -108.868 25.755 15
64.6 -106.267 26.274 15
64.7 -103.614 26.793 15
64.8 -100.908 27.312 15
64.9 -98.1512 27.831 15
65 -95.3422 28.35 15
65.1 -92.4812 28.869 15
65.2 -89.5684 29.388 15
65.3 -86.6036 29.907 15
65.4 -83.587 30.426 15
65.5 -80.5184 30.945 15
65.6 -77.398 31.464 15
65.7 -74.2256 31.983 15
65.8 -71.0014 32.502 0
65.9 -67.8002 31.521 0
66 -64.6972 30.54 0
66.1 -61.6922 29.559 0
66.2 -58.7854 28.578 0
66.3 -55.9766 27.597 0
66.4 -53.266 26.616 0
66.5 -50.6534 25.635 0
66.6 -48.139 24.654 0
66.7 -45.7226 23.673 0
66.8 -43.4044 22.692 0
66.9 -41.1842 21.711 0
67 -39.0622 20.73 15
67.1 -36.9632 21.249 0
67.2 -34.8874 20.268 0
67.3 -32.9096 19.287 0
67.4 -31.03 18.306 0
67.5 -29.2484 17.325 0
67.6 -27.565 16.344 0
67.7 -25.9796 15.363 0
67.8 -24.4924 14.382 0
67.9 -23.1032 13.401 15
68 -21.7372 13.92 0
68.1 -20.3942 12.939 15
68.2 -19.0744 13.458 15
68.3 -17.7026 13.977 0
68.4 -16.354 12.996 0
68.5 -15.1034 12.015 0
68.6 -13.951 11.034 0
68.7 -12.8966 10.053 0
68.8 -11.9404 9.072 15
68.9 -11.0072 9.591 15
69 -10.0222 10.11 0
69.1 -9.06022 9.129 0
69.2 -8.19637 8.148 0
69.3 -7.43062 7.167 0
69.4 -6.76297 6.186 0
69.5 -6.19342 5.205 15
69.6 -5.64697 5.724 15
69.7 -5.04862 6.243 0
69.8 -4.47337 5.262 15
69.9 -3.92122 5.781 15
70 -3.31717 6.3 0
70.1 -2.73622 5.319 15
70.2 -2.17837 5.838 15
70.3 -1.56862 6.357 0
70.4 -0.981967 5.376 0
70.5 -0.493417 4.395 0
70.6 -0.102967 3.414 0
70.7 0.189383 2.433 0
70.8 0.383633 1.452 15
70.9 0.554783 1.971 0
71 0.702833 0.99 15
71.1 0.827783 1.509 15
71.2 1.00463 2.028 0
71.3 1.15838 1.047 15
71.4 1.28903 1.566 15
71.5 1.47158 2.085 0
71.6 1.63103 1.104 15
71.7 1.76738 1.623 15
71.8 1.95563 2.142 0
71.9 2.12078 1.161 15
72 2.26283 1.68 15
72.1 2.45678 2.199 0
72.2 2.62763 1.218 15
72.3 2.77538 1.737 15
72.4 2.97503 2.256 0
72.5 3.15158 1.275 15
72.6 3.30503 1.794 15
72.7 3.51038 2.313 0
72.8 3.69263 1.332 15
72.9 3.85178 1.851 15
73 4.06283 2.37 0
73.1 4.25078 1.389 15
73.2 4.41563 1.908 15
73.3 4.63238 2.427 0
73.4 4.82603 1.446 15
73.5 4.99658 1.965 0
73.6 5.14403 0.984 15
73.7 5.26838 1.503 15
73.8 5.44463 2.022 0
73.9 5.59778 1.041 15
74 5.72783 1.56 15
74.1 5.90978 2.079 0
74.2 6.06863 1.098 0
74.3 6.12938 0.117 0
74.4 6.09203 -0.864 0
74.5 5.95658 -1.845 0
74.6 5.72303 -2.826 15
74.7 5.46638 -2.307 15
74.8 5.26163 -1.788 15
74.9 5.10878 -1.269 15
75 5.00783 -0.75 15
75.1 4.95878 -0.231 15
75.2 4.96163 0.288 15
75.3 5.01638 0.807 15
75.4 5.12303 1.326 15
75.5 5.28158 1.845 15
75.6 5.49203 2.364 0
75.7 5.67938 1.383 15
75.8 5.84363 1.902 15
75.9 6.05978 2.421 0
76 6.25283 1.44 0
76.1 6.34778 0.459 0
76.2 6.34463 -0.522 0
76.3 6.24338 -1.503 0
76.4 6.04403 -2.484 15
76.5 5.82158 -1.965 15
76.6 5.65103 -1.446 15
76.7 5.53238 -0.927 15
76.8 5.46563 -0.408 15
76.9 5.45078 0.111 15
77 5.48783 0.63 15
77.1 5.57678 1.149 15
77.2 5.71763 1.668 15
77.3 5.91038 2.187 0
77.4 6.08003 1.206 0
77.5 6.15158 0.225 0
77.6 6.12503 -0.756 0
77.7 6.00038 -1.737 0
77.8 5.77763 -2.718 15
77.9 5.53178 -2.199 15
78 5.33783 -1.68 15
78.1 5.19578 -1.161 15
78.2 5.10563 -0.642 15
78.3 5.06738 -0.123 15
78.4 5.08103 0.396 15
78.5 5.14658 0.915 15
78.6 5.26403 1.434 15
78.7 5.43338 1.953 15
78.8 5.65463 2.472 0
78.9 5.85278 1.491 15
79 6.02783 2.01 0
79.1 6.17978 1.029 0
79.2 6.23363 0.048 0
79.3 6.18938 -0.933 0
79.4 6.04703 -1.914 0
79.5 5.80658 -2.895 15
79.6 5.54303 -2.376 15
79.7 5.33138 -1.857 15
79.8 5.17163 -1.338 15
79.9 5.06378 -0.819 15
80 10.339 -0.3 0
80.1 10.26 -1.281 0
80.2 10.0828 -2.262 15
80.3 9.88255 -1.743 0
80.4 9.6592 -2.724 15
80.5 9.41275 -2.205 15
80.6 9.2182 -1.686 0
80.7 9.00055 -2.667 15
80.8 8.7598 -2.148 15
80.9 8.57095 -1.629 0
81 8.359 -2.61 15
81.1 8.12395 -2.091 15
81.2 7.9408 -1.572 0
81.3 7.73455 -2.553 15
81.4 7.5052 -2.034 15
81.5 7.32775 -1.515 0
81.6 7.1272 -2.496 15
81.7 6.90355 -1.977 15
81.8 6.7318 -1.458 0
81.9 6.53695 -2.439 15
82 6.319 -1.92 0
82.1 6.07795 -2.901 15
82.2 5.8138 -2.382 15
82.3 5.60155 -1.863 15
82.4 5.4412 -1.344 15
82.5 5.33275 -0.825 15
82.6 5.2762 -0.306 15
82.7 5.27155 0.213 15
82.8 5.3188 0.732 15
82.9 5.41795 1.251 15
83 5.569 1.77 15
83.1 5.77195 2.289 0
83.2 5.9518 1.308 0
83.3 6.03355 0.327 0
83.4 6.0172 -0.654 0
83.5 5.90275 -1.635 0
83.6 5.6902 -2.616 15
83.7 5.45455 -2.097 15
83.8 5.2708 -1.578 15
83.9 5.13895 -1.059 15
84 5.059 -0.54 15
84.1 5.03095 -0.021 15
84.2 5.0548 0.498 15
84.3 5.13055 1.017 15
84.4 5.2582 1.536 15
84.5 5.43775 2.055 0
84.6 5.5942 1.074 15
84.7 5.72755 1.593 15
84.8 5.9128 2.112 0
84.9 6.07495 1.131 0
85 6.139 0.15 0
85.1 6.10495 -0.831 0
85.2 5.9728 -1.812 0
85.3 5.74255 -2.793 15
85.4 5.4892 -2.274 15
85.5 5.28775 -1.755 15
85.6 5.1382 -1.236 15
85.7 5.04055 -0.717 15
85.8 4.9948 -0.198 15
85.9 5.00095 0.321 15
86 5.059 0.84 15
86.1 5.16895 1.359 15
86.2 5.3308 1.878 15
86.3 5.54455 2.397 0
86.4 5.7352 1.416 15
86.5 5.90275 1.935 0
86.6 6.0472 0.954 0
86.7 6.09355 -0.027 0
86.8 6.0418 -1.008 0
86.9 5.89195 -1.989 15
87 5.719 -1.47 15
87.1 5.59795 -0.951 15
87.2 5.5288 -0.432 15
87.3 5.51155 0.087 15
87.4 5.5462 0.606 15
87.5 5.63275 1.125 15
87.6 5.7712 1.644 15
87.7 5.96155 2.163 0
87.8 6.1288 1.182 0
87.9 6.19795 0.201 0
88 6.169 -0.78 0
88.1 6.04195 -1.761 0
88.2 5.8168 -2.742 15
88.3 5.56855 -2.223 15
88.4 5.3722 -1.704 15
88.5 5.22775 -1.185 15
88.6 5.1352 -0.666 15
88.7 5.09455 -0.147 15
88.8 5.1058 0.372 15
88.9 5.16895 0.891 15
89 5.284 1.41 15
89.1 5.45095 1.929 15
89.2 5.6698 2.448 0
89.3 5.86555 1.467 15
89.4 6.0382 1.986 0
89.5 6.18775 1.005 0
89.6 6.2392 0.024 0
89.7 6.19255 -0.957 0
89.8 6.0478 -1.938 0
89.9 5.80495 -2.919 15
90 5.539 -2.4 15
90.1 5.32495 -1.881 15
90.2 5.1628 -1.362 15
90.3 5.05255 -0.843 15
90.4 4.9942 -0.324 15
90.5 4.98775 0.195 15
90.6 5.0332 0.714 15
90.7 5.13055 1.233 15
90.8 5.2798 1.752 15
90.9 5.48095 2.271 0
91 5.659 1.29 15
91.1 5.81395 1.809 15
91.2 6.0208 2.328 0
91.3 6.20455 1.347 0
91.4 6.2902 0.366 0
91.5 6.27775 -0.615 0
91.6 6.1672 -1.596 0
91.7 5.95855 -2.577 15
91.8 5.7268 -2.058 15
91.9 5.54695 -1.539 15
92 5.419 -1.02 15
92.1 5.34295 -0.501 15
92.2 5.3188 0.018 15
92.3 5.34655 0.537 15
92.4 5.4262 1.056 15
92.5 5.55775 1.575 15
92.6 5.7412 2.094 0
92.7 5.90155 1.113 0
92.8 5.9638 0.132 0
92.9 5.92795 -0.849 0
93 5.794 -1.83 15
93.1 5.63695 -1.311 15
93.2 5.5318 -0.792 15
93.3 5.47855 -0.273 15
93.4 5.4772 0.246 15
93.5 5.52775 0.765 15
93.6 5.6302 1.284 15
93.7 5.78455 1.803 15
93.8 5.9908 2.322 0
93.9 6.17395 1.341 0
94 6.259 0.36 0
94.1 6.24595 -0.621 0
94.2 6.1348 -1.602 0
94.3 5.92555 -2.583 15
94.4 5.6932 -2.064 15
94.5 5.51275 -1.545 15
94.6 5.3842 -1.026 15
94.7 5.30755 -0.507 15
94.8 5.2828 0.012 15
94.9 5.30995 0.531 15
95 5.389 1.05 15
95.1 5.51995 1.569 15
95.2 5.7028 2.088 0
95.3 5.86255 1.107 15
95.4 5.9992 1.626 0
95.5 6.11275 0.645 0
95.6 6.1282 -0.336 0
95.7 6.04555 -1.317 0
95.8 5.8648 -2.298 15
95.9 5.66095 -1.779 15
96 5.509 -1.26 15
96.1 5.40895 -0.741 15
96.2 5.3608 -0.222 15
96.3 5.36455 0.297 15
96.4 5.4202 0.816 15
96.5 5.52775 1.335 15
96.6 5.6872 1.854 15
96.7 5.89855 2.373 0
96.8 6.0868 1.392 0
96.9 6.17695 0.411 0
97 6.169 -0.57 0
97.1 6.06295 -1.551 0
97.2 5.8588 -2.532 15
97.3 5.63155 -2.013 15
97.4 5.4562 -1.494 15
97.5 5.33275 -0.975 15
97.6 5.2612 -0.456 15
97.7 5.24155 0.063 15
97.8 5.2738 0.582 15
97.9 5.35795 1.101 15
98 5.494 1.62 15
98.1 5.68195 2.139 0
98.2 5.8468 1.158 15
98.3 5.98855 1.677 0
98.4 6.1072 0.696 0
98.5 6.12775 -0.285 0
98.6 6.0502 -1.266 0
98.7 5.87455 -2.247 15
98.8 5.6758 -1.728 15
98.9 5.52895 -1.209 15
99 5.434 -0.69 15
99.1 5.39095 -0.171 15
99.2 5.3998 0.348 15
99.3 5.46055 0.867 15
99.4 5.5732 1.386 15
99.5 5.73775 1.905 15
99.6 5.9542 2.424 0
99.7 6.14755 1.443 0
99.8 6.2428 0.462 0
99.9 6.23995 -0.519 0
100 -60.9486 -1.5 15
100.1 -61.0727 -0.981 15
100.2 -61.1448 -0.462 15
100.3 -61.1651 0.057 15
100.4 -61.1334 0.576 15
100.5 -61.0499 1.095 15
100.6 -60.9144 1.614 15
100.7 -60.7271 2.133 15
100.8 -60.4878 2.652 15
100.9 -60.1967 3.171 15
101 -59.8536 3.69 15
101.1 -59.4587 4.209 15
101.2 -59.0118 4.728 15
101.3 -58.5131 5.247 15
101.4 -57.9624 5.766 15
101.5 -57.3599 6.285 15
101.6 -56.7054 6.804 15
101.7 -55.9991 7.323 15
101.8 -55.2408 7.842 15
101.9 -54.4307 8.361 15
102 -53.5686 8.88 15
102.1 -52.6547 9.399 15
102.2 -51.6888 9.918 15
102.3 -50.6711 10.437 15
102.4 -49.6014 10.956 15
102.5 -48.4799 11.475 15
102.6 -47.3064 11.994 15
102.7 -46.0811 12.513 15
102.8 -44.8038 13.032 15
102.9 -43.4747 13.551 15
103 -42.0936 14.07 15
103.1 -40.6607 14.589 15
103.2 -39.1758 15.108 15
103.3 -37.6391 15.627 15
103.4 -36.0504 16.146 15
103.5 -34.4099 16.665 15
103.6 -32.7174 17.184 15
103.7 -30.9731 17.703 0
103.8 -29.2518 16.722 0
103.9 -27.6287 15.741 0
104 -26.1036 14.76 0
104.1 -24.6767 13.779 0
104.2 -23.3478 12.798 15
104.3 -22.0421 13.317 15
104.4 -20.6844 13.836 0
104.5 -19.3499 12.855 15
104.6 -18.0384 13.374 15
104.7 -16.6751 13.893 0
104.8 -15.3348 12.912 0
104.9 -14.0927 11.931 0
105 -12.9486 10.95 0
105.1 -11.9027 9.969 0
105.2 -10.9548 8.988 15
105.3 -10.0301 9.507 15
105.4 -9.05344 10.026 0
105.5 -8.09989 9.045 0
105.6 -7.24444 8.064 0
105.7 -6.48709 7.083 0
105.8 -5.82784 6.102 0
105.9 -5.26669 5.121 15
106 -4.72864 5.64 15
106.1 -4.13869 6.159 0
106.2 -3.57184 5.178 15
106.3 -3.02809 5.697 15
106.4 -2.43244 6.216 0
106.5 -1.85989 5.235 0
106.6 -1.38544 4.254 0
106.7 -1.00909 3.273 0
106.8 -0.730843 2.292 0
106.9 -0.550693 1.311 15
107 -0.393643 1.83 15
107.1 -0.184693 2.349 0
107.2 0.00115742 1.368 15
107.3 0.163907 1.887 15
107.4 0.378557 2.406 0
107.5 0.570107 1.425 15
107.6 0.738557 1.944 15
107.7 0.958907 2.463 0
107.8 1.15616 1.482 15
107.9 1.33031 2.001 0
108 1.48136 1.02 15
108.1 1.60931 1.539 15
108.2 1.78916 2.058 0
108.3 1.94591 1.077 15
108.4 2.07956 1.596 15
108.5 2.26511 2.115 0
108.6 2.42756 1.134 15
108.7 2.56691 1.653 15
108.8 2.75816 2.172 0
108.9 2.92631 1.191 15
109 3.07136 1.71 15
109.1 3.26831 2.229 0
109.2 3.44216 1.248 15
109.3 3.59291 1.767 15
109.4 3.79556 2.286 0
109.5 3.97511 1.305 15
109.6 4.13156 1.824 15
109.7 4.33991 2.343 0
109.8 4.52516 1.362 15
109.9 4.68731 1.881 15
110 4.90136 2.4 0
110.1 5.09231 1.419 15
110.2 5.26016 1.938 15
110.3 5.47991 2.457 0
110.4 5.67656 1.476 15
110.5 5.85011 1.995 0
110.6 6.00056 1.014 0
110.7 6.05291 0.033 0
110.8 6.00716 -0.948 0
110.9 5.86331 -1.929 15
111 5.69636 -1.41 15
111.1 5.58131 -0.891 15
111.2 5.51816 -0.372 15
111.3 5.50691 0.147 15
111.4 5.54756 0.666 15
111.5 5.64011 1.185 15
111.6 5.78456 1.704 15
111.7 5.98091 2.223 0
111.8 6.15416 1.242 0
111.9 6.22931 0.261 0
112 6.20636 -0.72 0
112.1 6.08531 -1.701 0
112.2 5.86616 -2.682 15
112.3 5.62391 -2.163 15
112.4 5.43356 -1.644 15
112.5 5.29511 -1.125 15
112.6 5.20856 -0.606 15
112.7 5.17391 -0.087 15
112.8 5.19116 0.432 15
112.9 5.26031 0.951 15
113 5.38136 1.47 15
113.1 5.55431 1.989 0
113.2 5.70416 1.008 15
113.3 5.83091 1.527 15
113.4 6.00956 2.046 0
113.5 6.16511 1.065 0
113.6 6.22256 0.084 0
113.7 6.18191 -0.897 0
113.8 6.04316 -1.878 0
113.9 5.80631 -2.859 15
114 5.54636 -2.34 15
114.1 5.33831 -1.821 15
114.2 5.18216 -1.302 15
114.3 5.07791 -0.783 15
114.4 5.02556 -0.264 15
114.5 5.02511 0.255 15
114.6 5.07656 0.774 15
114.7 5.17991 1.293 15
114.8 5.33516 1.812 15
114.9 5.54231 2.331 0
115 5.72636 1.35 15
115.1 5.88731 1.869 0
115.2 6.02516 0.888 0
115.3 6.06491 -0.093 0
115.4 6.00656 -1.074 0
115.5 5.85011 -2.055 15
115.6 5.67056 -1.536 15
115.7 5.54291 -1.017 15
115.8 5.46716 -0.498 15
115.9 5.44331 0.021 15
116 5.47136 0.54 15
116.1 5.55131 1.059 15
116.2 5.68316 1.578 15
116.3 5.86691 2.097 0
116.4 6.02756 1.116 0
116.5 6.09011 0.135 0
116.6 6.05456 -0.846 0
116.7 5.92091 -1.827 0
116.8 5.68916 -2.808 15
116.9 5.43431 -2.289 15
117 5.23136 -1.77 15
117.1 5.08031 -1.251 15
117.2 4.98116 -0.732 15
117.3 4.93391 -0.213 15
117.4 4.93856 0.306 15
117.5 4.99511 0.825 15
117.6 5.10356 1.344 15
117.7 5.26391 1.863 15
117.8 5.47616 2.382 0
117.9 5.66531 1.401 15
118 5.83136 1.92 15
118.1 6.04931 2.439 0
118.2 6.24416 1.458 0
118.3 6.34091 0.477 0
118.4 6.33956 -0.504 0
118.5 6.24011 -1.485 0
118.6 6.04256 -2.466 15
118.7 5.82191 -1.947 15
118.8 5.65316 -1.428 15
118.9 5.53631 -0.909 15
119 5.47136 -0.39 15
119.1 5.45831 0.129 15
119.2 5.49716 0.648 15
119.3 5.58791 1.167 15
119.4 5.73056 1.686 15
119.5 5.92511 2.205 0
119.6 6.09656 1.224 0
119.7 6.16991 0.243 0
119.8 6.14516 -0.738 0
119.9 6.02231 -1.719 0
120 270.926 -2.7 0
120.1 270.607 -3.681 0
120.2 270.19 -4.662 0
120.3 269.674 -5.643 0
120.4 269.061 -6.624 0
120.5 268.35 -7.605 0
120.6 267.54 -8.586 0
120.7 266.632 -9.567 0
120.8 265.627 -10.548 0
120.9 264.523 -11.529 0
121 263.321 -12.51 0
121.1 262.021 -13.491 0
121.2 260.623 -14.472 0
121.3 259.126 -15.453 0
121.4 257.532 -16.434 0
121.5 255.84 -17.415 0
121.6 254.049 -18.396 0
121.7 252.16 -19.377 0
121.8 250.174 -20.358 0
121.9 248.089 -21.339 0
122 245.906 -22.32 0
122.1 243.625 -23.301 0
122.2 241.246 -24.282 0
122.3 238.768 -25.263 0
122.4 236.193 -26.244 15
122.5 233.595 -25.725 15
122.6 231.048 -25.206 0
122.7 228.478 -26.187 15
122.8 225.886 -25.668 15
122.9 223.345 -25.149 0
123 220.781 -26.13 15
123.1 218.194 -25.611 15
123.2 215.659 -25.092 0
123.3 213.1 -26.073 15
123.4 210.519 -25.554 15
123.5 207.99 -25.035 0
123.6 205.437 -26.016 15
123.7 202.861 -25.497 15
123.8 200.338 -24.978 0
123.9 197.791 -25.959 15
124 195.221 -25.44 0
124.1 192.628 -26.421 15
124.2 190.012 -25.902 15
124.3 187.447 -25.383 0
124.4 184.86 -26.364 15
124.5 182.25 -25.845 15
124.6 179.691 -25.326 0
124.7 177.109 -26.307 15
124.8 174.505 -25.788 15
124.9 171.952 -25.269 0
125 169.376 -26.25 15
125.1 166.777 -25.731 15
125.2 164.23 -25.212 0
125.3 161.659 -26.193 15
125.4 159.066 -25.674 15
125.5 156.525 -25.155 0
125.6 153.96 -26.136 15
125.7 151.372 -25.617 15
125.8 148.837 -25.098 0
125.9 146.278 -26.079 15
126 143.696 -25.56 15
126.1 141.166 -25.041 0
126.2 138.613 -26.022 15
126.3 136.036 -25.503 15
126.4 133.512 -24.984 0
126.5 130.965 -25.965 15
126.6 128.394 -25.446 0
126.7 125.8 -26.427 15
126.8 123.184 -25.908 15
126.9 120.619 -25.389 0
127 118.031 -26.37 15
127.1 115.42 -25.851 15
127.2 112.861 -25.332 0
127.3 110.278 -26.313 15
127.4 107.673 -25.794 15
127.5 105.12 -25.275 0
127.6 102.543 -26.256 15
127.7 99.9434 -25.737 15
127.8 97.3956 -25.218 0
127.9 94.8248 -26.199 15
128 92.2308 -25.68 15
128.1 89.6888 -25.161 15
128.2 87.1986 -24.642 15
128.3 84.7604 -24.123 15
128.4 82.374 -23.604 15
128.5 80.0396 -23.085 15
128.6 77.757 -22.566 15
128.7 75.5264 -22.047 15
128.8 73.3476 -21.528 15
128.9 71.2208 -21.009 15
129 69.1458 -20.49 15
129.1 67.1228 -19.971 15
129.2 65.1516 -19.452 15
129.3 63.2324 -18.933 15
129.4 61.365 -18.414 15
129.5 59.5496 -17.895 15
129.6 57.786 -17.376 15
129.7 56.0744 -16.857 15
129.8 54.4146 -16.338 15
129.9 52.8068 -15.819 15
130 51.2508 -15.3 15
130.1 49.7468 -14.781 15
130.2 48.2946 -14.262 15
130.3 46.8944 -13.743 15
130.4 45.546 -13.224 15
130.5 44.2496 -12.705 15
130.6 43.005 -12.186 15
130.7 41.8124 -11.667 15
130.8 40.6716 -11.148 15
130.9 39.5828 -10.629 15
131 38.5458 -10.11 15
131.1 37.5608 -9.591 0
131.2 36.5526 -10.572 15
131.3 35.5214 -10.053 15
131.4 34.542 -9.534 0
131.5 33.5396 -10.515 15
131.6 32.514 -9.996 15
131.7 31.5404 -9.477 15
131.8 30.6186 -8.958 15
131.9 29.7488 -8.439 15
132 28.9308 -7.92 15
132.1 28.1648 -7.401 15
132.2 27.4506 -6.882 15
132.3 26.7884 -6.363 15
132.4 26.178 -5.844 0
132.5 25.5446 -6.825 15
132.6 24.888 -6.306 15
132.7 24.2834 -5.787 0
132.8 23.6556 -6.768 15
132.9 23.0048 -6.249 15
133 22.4058 -5.73 0
133.1 21.7838 -6.711 15
133.2 21.1386 -6.192 15
133.3 20.5454 -5.673 0
133.4 19.929 -6.654 15
133.5 19.2896 -6.135 15
133.6 18.702 -5.616 0
133.7 18.0914 -6.597 15
133.8 17.4576 -6.078 15
133.9 16.8758 -5.559 15
134 16.3458 -5.04 15
134.1 15.8678 -4.521 15
134.2 15.4416 -4.002 15
134.3 15.0674 -3.483 15
134.4 14.745 -2.964 15
134.5 14.4746 -2.445 15
134.6 14.256 -1.926 0
134.7 14.0144 -2.907 15
134.8 13.7496 -2.388 15
134.9 13.5368 -1.869 0
135 13.3008 -2.85 15
135.1 13.0418 -2.331 15
135.2 12.8346 -1.812 0
135.3 12.6044 -2.793 15
135.4 12.351 -2.274 15
135.5 12.1496 -1.755 0
135.6 11.925 -2.736 15
135.7 11.6774 -2.217 15
135.8 11.4816 -1.698 0
135.9 11.2628 -2.679 15
136 11.0208 -2.16 15
136.1 10.8308 -1.641 0
136.2 10.6176 -2.622 15
136.3 10.3814 -2.103 15
136.4 10.197 -1.584 0
136.5 9.98957 -2.565 15
136.6 9.75902 -2.046 15
136.7 9.58037 -1.527 0
136.8 9.37862 -2.508 15
136.9 9.15377 -1.989 15
137 8.98082 -1.47 0
137.1 8.78477 -2.451 15
137.2 8.56562 -1.932 0
137.3 8.32337 -2.913 15
137.4 8.05802 -2.394 15
137.5 7.84457 -1.875 0
137.6 7.60802 -2.856 15
137.7 7.34837 -2.337 15
137.8 7.14062 -1.818 0
137.9 6.90977 -2.799 15
138 6.65582 -2.28 15
138.1 6.45377 -1.761 0
138.2 6.22862 -2.742 15
138.3 5.98037 -2.223 15
138.4 5.78402 -1.704 15
138.5 5.63957 -1.185 15
138.6 5.54702 -0.666 15
138.7 5.50637 -0.147 15
138.8 5.51762 0.372 15
138.9 5.58077 0.891 15
139 5.69582 1.41 15
139.1 5.86277 1.929 15
139.2 6.08162 2.448 0
139.3 6.27737 1.467 0
139.4 6.37502 0.486 0
139.5 6.37457 -0.495 0
139.6 6.27602 -1.476 0
139.7 6.07937 -2.457 15
139.8 5.85962 -1.938 15
139.9 5.69177 -1.419 15
140 17.8946 -0.9 0
140.1 17.7556 -1.881 0
140.2 17.5184 -2.862 15
140.3 17.2582 -2.343 15
140.4 17.0498 -1.824 0
140.5 16.8184 -2.805 15
140.6 16.5638 -2.286 15
140.7 16.3612 -1.767 0
140.8 16.1354 -2.748 15
140.9 15.8866 -2.229 15
141 15.6896 -1.71 0
141.1 15.4696 -2.691 15
141.2 15.2264 -2.172 15
141.3 15.0352 -1.653 0
141.4 14.8208 -2.634 15
141.5 14.5834 -2.115 15
141.6 14.3978 -1.596 0
141.7 14.1892 -2.577 15
141.8 13.9574 -2.058 15
141.9 13.7776 -1.539 0
142 13.5746 -2.52 15
142.1 13.3486 -2.001 15
142.2 13.1744 -1.482 0
142.3 12.9772 -2.463 15
142.4 12.7568 -1.944 0
142.5 12.5134 -2.925 15
142.6 12.2468 -2.406 15
142.7 12.0322 -1.887 0
142.8 11.7944 -2.868 15
142.9 11.5336 -2.349 15
143 11.3246 -1.83 0
143.1 11.0926 -2.811 15
143.2 10.8374 -2.292 15
143.3 10.6342 -1.773 0
143.4 10.4078 -2.754 15
143.5 10.1584 -2.235 15
143.6 9.96082 -1.716 0
143.7 9.74017 -2.697 15
143.8 9.49642 -2.178 15
143.9 9.30457 -1.659 0
144 9.08962 -2.64 15
144.1 8.85157 -2.121 15
144.2 8.66542 -1.602 0
144.3 8.45617 -2.583 15
144.4 8.22382 -2.064 15
144.5 8.04337 -1.545 0
144.6 7.83982 -2.526 15
144.7 7.61317 -2.007 15
144.8 7.43842 -1.488 0
144.9 7.24057 -2.469 15
145 7.01962 -1.95 0
145.1 6.77557 -2.931 15
145.2 6.50842 -2.412 15
145.3 6.29317 -1.893 0
145.4 6.05482 -2.874 15
145.5 5.79337 -2.355 15
145.6 5.58382 -1.836 15
145.7 5.42617 -1.317 15
145.8 5.32042 -0.798 15
145.9 5.26657 -0.279 15
146 5.26462 0.24 15
146.1 5.31457 0.759 15
146.2 5.41642 1.278 15
146.3 5.57017 1.797 15
146.4 5.77582 2.316 0
146.5 5.95837 1.335 0
146.6 6.04282 0.354 0
146.7 6.02917 -0.627 0
146.8 5.91742 -1.608 0
146.9 5.70757 -2.589 15
147 5.47462 -2.07 15
147.1 5.29357 -1.551 15
147.2 5.16442 -1.032 15
147.3 5.08717 -0.513 15
147.4 5.06182 0.006 15
147.5 5.08837 0.525 15
147.6 5.16682 1.044 15
147.7 5.29717 1.563 15
147.8 5.47942 2.082 0
147.9 5.63857 1.101 15
148 5.77462 1.62 15
148.1 5.96257 2.139 0
148.2 6.12742 1.158 0
148.3 6.19417 0.177 0
148.4 6.16282 -0.804 0
148.5 6.03337 -1.785 0
148.6 5.80582 -2.766 15
148.7 5.55517 -2.247 15
148.8 5.35642 -1.728 15
148.9 5.20957 -1.209 15
149 5.11462 -0.69 15
149.1 5.07157 -0.171 15
149.2 5.08042 0.348 15
149.3 5.14117 0.867 15
149.4 5.25382 1.386 15
149.5 5.41837 1.905 15
149.6 5.63482 2.424 0
149.7 5.82817 1.443 15
149.8 5.99842 1.962 0
149.9 6.14557 0.981 0
150 6.19462 -6.50591e-13 0
150.1 6.14557 -0.981 0
150.2 5.99842 -1.962 15
150.3 5.82817 -1.443 15
150.4 5.70982 -0.924 15
150.5 5.64337 -0.405 15
150.6 5.62882 0.114 15
150.7 5.66617 0.633 15
150.8 5.75542 1.152 15
150.9 5.89657 1.671 0
151 6.01462 0.69 0
151.1 6.03457 -0.291 0
151.2 5.95642 -1.272 0
151.3 5.78017 -2.253 15
151.4 5.58082 -1.734 15
151.5 5.43337 -1.215 15
151.6 5.33782 -0.696 15
151.7 5.29417 -0.177 15
151.8 5.30242 0.342 15
151.9 5.36257 0.861 15
152 5.47462 1.38 15
152.1 5.63857 1.899 15
152.2 5.85442 2.418 0
152.3 6.04717 1.437 0
152.4 6.14182 0.456 0
152.5 6.13837 -0.525 0
152.6 6.03682 -1.506 0
152.7 5.83717 -2.487 15
152.8 5.61442 -1.968 15
152.9 5.44357 -1.449 15
153 5.32462 -0.93 15
153.1 5.25757 -0.411 15
153.2 5.24242 0.108 15
153.3 5.27917 0.627 15
153.4 5.36782 1.146 15
153.5 5.50837 1.665 15
153.6 5.70082 2.184 0
153.7 5.87017 1.203 15
153.8 6.01642 1.722 0
153.9 6.13957 0.741 0
154 6.16462 -0.24 0
154.1 6.09157 -1.221 0
154.2 5.92042 -2.202 15
154.3 5.72617 -1.683 15
154.4 5.58382 -1.164 15
154.5 5.49337 -0.645 15
154.6 5.45482 -0.126 15
154.7 5.46817 0.393 15
154.8 5.53342 0.912 15
154.9 5.65057 1.431 15
155 5.81962 1.95 15
155.1 6.04057 2.469 0
155.2 6.23842 1.488 0
155.3 6.33817 0.507 0
155.4 6.33982 -0.474 0
155.5 6.24337 -1.455 0
155.6 6.04882 -2.436 15
155.7 5.83117 -1.917 15
155.8 5.66542 -1.398 15
155.9 5.55157 -0.879 15
156 5.48962 -0.36 15
156.1 5.47957 0.159 15
156.2 5.52142 0.678 15
156.3 5.61517 1.197 15
156.4 5.76082 1.716 15
156.5 5.95837 2.235 0
156.6 6.13282 1.254 0
156.7 6.20917 0.273 0
156.8 6.18742 -0.708 0
156.9 6.06757 -1.689 0
157 5.84962 -2.67 15
157.1 5.60857 -2.151 15
157.2 5.41942 -1.632 15
157.3 5.28217 -1.113 15
157.4 5.19682 -0.594 15
157.5 5.16337 -0.075 15
157.6 5.18182 0.444 15
157.7 5.25217 0.963 15
157.8 5.37442 1.482 15
157.9 5.54857 2.001 0
158 5.69962 1.02 15
158.1 5.82757 1.539 15
158.2 6.00742 2.058 0
158.3 6.16417 1.077 0
158.4 6.22282 0.096 0
158.5 6.18337 -0.885 0
158.6 6.04582 -1.866 0
158.7 5.81017 -2.847 15
158.8 5.55142 -2.328 15
158.9 5.34457 -1.809 15
159 5.18962 -1.29 15
159.1 5.08657 -0.771 15
159.2 5.03542 -0.252 15
159.3 5.03617 0.267 15
159.4 5.08882 0.786 15
159.5 5.19337 1.305 15
159.6 5.34982 1.824 15
159.7 5.55817 2.343 0
159.8 5.74342 1.362 15
159.9 5.90557 1.881 0
160 -482.9 0.9 15
160.1 -482.784 1.419 15
160.2 -482.617 1.938 15
160.3 -482.397 2.457 15
160.4 -482.125 2.976 15
160.5 -481.802 3.495 15
160.6 -481.426 4.014 15
160.7 -480.999 4.533 15
160.8 -480.52 5.052 15
160.9 -479.988 5.571 15
161 -479.405 6.09 15
161.1 -478.77 6.609 15
161.2 -478.084 7.128 15
161.3 -477.345 7.647 15
161.4 -476.554 8.166 15
161.5 -475.712 8.685 15
161.6 -474.817 9.204 15
161.7 -473.871 9.723 15
161.8 -472.873 10.242 15
161.9 -471.822 10.761 15
162 -470.72 11.28 15
162.1 -469.566 11.799 15
162.2 -468.361 12.318 15
162.3 -467.103 12.837 15
162.4 -465.793 13.356 15
162.5 -464.432 13.875 15
162.6 -463.018 14.394 15
162.7 -461.553 14.913 15
162.8 -460.036 15.432 15
162.9 -458.466 15.951 15
163 -456.845 16.47 15
163.1 -455.172 16.989 15
163.2 -453.448 17.508 15
163.3 -451.671 18.027 15
163.4 -449.842 18.546 15
163.5 -447.962 19.065 15
163.6 -446.029 19.584 15
163.7 -444.045 20.103 15
163.8 -442.009 20.622 15
163.9 -439.92 21.141 15
164 -437.78 21.66 15
164.1 -435.588 22.179 15
164.2 -433.345 22.698 15
164.3 -431.049 23.217 15
164.4 -428.701 23.736 15
164.5 -426.302 24.255 15
164.6 -423.85 24.774 15
164.7 -421.347 25.293 15
164.8 -418.792 25.812 15
164.9 -416.184 26.331 15
165 -413.525 26.85 15
165.1 -410.814 27.369 15
165.2 -408.052 27.888 15
165.3 -405.237 28.407 15
165.4 -402.37 28.926 15
165.5 -399.452 29.445 15
165.6 -396.481 29.964 15
165.7 -393.459 30.483 15
165.8 -390.385 31.002 15
165.9 -387.258 31.521 15
166 -384.08 32.04 15
166.1 -380.85 32.559 15
166.2 -377.569 33.078 15
166.3 -374.235 33.597 15
166.4 -370.849 34.116 15
166.5 -367.412 34.635 15
166.6 -363.922 35.154 15
166.7 -360.381 35.673 15
166.8 -356.788 36.192 15
166.9 -353.142 36.711 15
167 -349.445 37.23 15
167.1 -345.696 37.749 0
167.2 -341.971 36.768 15
167.3 -338.268 37.287 0
167.4 -334.588 36.306 15
167.5 -330.932 36.825 15
167.6 -327.223 37.344 0
167.7 -323.538 36.363 15
167.8 -319.876 36.882 15
167.9 -316.161 37.401 0
168 -312.47 36.42 15
168.1 -308.802 36.939 15
168.2 -305.083 37.458 0
168.3 -301.386 36.477 15
168.4 -297.712 36.996 15
168.5 -293.987 37.515 0
168.6 -290.284 36.534 15
168.7 -286.605 37.053 15
168.8 -282.874 37.572 0
168.9 -279.165 36.591 15
169 -275.48 37.11 15
169.1 -271.743 37.629 0
169.2 -268.03 36.648 15
169.3 -264.339 37.167 15
169.4 -260.596 37.686 0
169.5 -256.877 36.705 15
169.6 -253.18 37.224 15
169.7 -249.432 37.743 0
169.8 -245.707 36.762 15
169.9 -242.004 37.281 0
170 -238.325 36.3 15
170.1 -234.669 36.819 15
170.2 -230.962 37.338 0
170.3 -227.277 36.357 15
170.4 -223.615 36.876 15
170.5 -219.902 37.395 0
170.6 -216.211 36.414 15
170.7 -212.544 36.933 15
170.8 -208.825 37.452 0
170.9 -205.128 36.471 15
171 -201.455 36.99 15
171.1 -197.73 37.509 0
171.2 -194.029 36.528 15
171.3 -190.35 37.047 15
171.4 -186.619 37.566 0
171.5 -182.912 36.585 15
171.6 -179.227 37.104 15
171.7 -175.491 37.623 0
171.8 -171.778 36.642 15
171.9 -168.087 37.161 15
172 -164.345 37.68 0
172.1 -160.626 36.699 15
172.2 -156.931 37.218 15
172.3 -153.183 37.737 0
172.4 -149.458 36.756 15
172.5 -145.757 37.275 0
172.6 -142.078 36.294 15
172.7 -138.423 36.813 15
172.8 -134.716 37.332 0
172.9 -131.031 36.351 15
173 -127.37 36.87 15
173.1 -123.657 37.389 0
173.2 -119.968 36.408 15
173.3 -116.301 36.927 15
173.4 -112.582 37.446 0
173.5 -108.887 36.465 15
173.6 -105.214 36.984 15
173.7 -101.49 37.503 0
173.8 -97.7886 36.522 15
173.9 -94.1104 37.041 15
174 -90.3804 37.56 0
174.1 -86.6734 36.579 0
174.2 -83.0646 35.598 0
174.3 -79.5538 34.617 0
174.4 -76.1412 33.636 0
174.5 -72.8266 32.655 15
174.6 -69.5352 33.174 0
174.7 -66.2668 32.193 0
174.8 -63.0966 31.212 0
174.9 -60.0244 30.231 0
175 -57.0504 29.25 0
175.1 -54.1744 28.269 0
175.2 -51.3966 27.288 0
175.3 -48.7168 26.307 0
175.4 -46.1352 25.326 0
175.5 -43.6516 24.345 0
175.6 -41.2662 23.364 0
175.7 -38.9788 22.383 0
175.8 -36.7896 21.402 0
175.9 -34.6984 20.421 0
176 -32.7054 19.44 0
176.1 -30.8104 18.459 0
176.2 -29.0136 17.478 0
176.3 -27.3148 16.497 0
176.4 -25.7142 15.516 0
176.5 -24.2116 14.535 0
176.6 -22.8072 13.554 15
176.7 -21.4258 14.073 0
176.8 -20.0676 13.092 15
176.9 -18.7324 13.611 15
177 -17.3454 14.13 0
177.1 -15.9814 13.149 0
177.2 -14.7156 12.168 0
177.3 -13.5478 11.187 0
177.4 -12.4782 10.206 0
177.5 -11.5066 9.225 15
177.6 -10.5582 9.744 15
177.7 -9.55785 10.263 0
177.8 -8.5806 9.282 0
177.9 -7.70145 8.301 0
178 -6.9204 7.32 0
178.1 -6.23745 6.339 0
178.2 -5.6526 5.358 15
178.3 -5.09085 5.877 15
178.4 -4.4772 6.396 0
178.5 -3.88665 5.415 15
178.6 -3.3192 5.934 0
178.7 -2.77485 4.953 15
178.8 -2.2536 5.472 15
178.9 -1.68045 5.991 0
179 -1.1304 5.01 0
179.1 -0.678448 4.029 0
179.2 -0.324598 3.048 0
179.3 -0.0688482 2.067 0
179.4 0.0888018 1.086 15
179.5 0.223352 1.605 15
179.6 0.409802 2.124 0
179.7 0.573152 1.143 15
179.8 0.713402 1.662 15
179.9 0.905552 2.181 0
180 363.518 1.2 0
180.1 363.589 0.219 0
180.2 363.561 -0.762 0
180.3 363.436 -1.743 0
180.4 363.213 -2.724 0
180.5 362.891 -3.705 0
180.6 362.472 -4.686 0
180.7 361.954 -5.667 0
180.8 361.338 -6.648 0
180.9 360.625 -7.629 0
181 359.813 -8.61 0
181.1 358.903 -9.591 0
181.2 357.894 -10.572 0
181.3 356.788 -11.553 0
181.4 355.584 -12.534 0
181.5 354.281 -13.515 0
181.6 352.881 -14.496 0
181.7 351.382 -15.477 0
181.8 349.785 -16.458 0
181.9 348.091 -17.439 0
182 346.298 -18.42 0
182.1 344.407 -19.401 0
182.2 342.417 -20.382 0
182.3 340.33 -21.363 0
182.4 338.145 -22.344 0
182.5 335.861 -23.325 0
182.6 333.48 -24.306 0
182.7 331 -25.287 0
182.8 328.422 -26.268 15
182.9 325.822 -25.749 15
183 323.273 -25.23 0
183.1 320.701 -26.211 15
183.2 318.105 -25.692 15
183.3 315.562 -25.173 0
183.4 312.996 -26.154 15
183.5 310.406 -25.635 15
183.6 307.869 -25.116 0
183.7 305.308 -26.097 15
183.8 302.724 -25.578 15
183.9 300.193 -25.059 0
184 297.638 -26.04 15
184.1 295.06 -25.521 15
184.2 292.533 -25.002 0
184.3 289.984 -25.983 15
184.4 287.412 -25.464 0
184.5 284.816 -26.445 15
184.6 282.198 -25.926 15
184.7 279.631 -25.407 0
184.8 277.041 -26.388 15
184.9 274.429 -25.869 15
185 271.868 -25.35 0
185.1 269.284 -26.331 15
185.2 266.676 -25.812 15
185.3 264.121 -25.293 0
185.4 261.543 -26.274 15
185.5 258.941 -25.755 15
185.6 256.392 -25.236 0
185.7 253.819 -26.217 15
185.8 251.223 -25.698 15
185.9 248.68 -25.179 0
186 246.113 -26.16 15
186.1 243.523 -25.641 15
186.2 240.984 -25.122 0
186.3 238.423 -26.103 15
186.4 235.839 -25.584 15
186.5 233.306 -25.065 0
186.6 230.751 -26.046 15
186.7 228.172 -25.527 15
186.8 225.645 -25.008 0
186.9 223.096 -25.989 15
187 220.523 -25.47 0
187.1 217.927 -26.451 15
187.2 215.307 -25.932 15
187.3 212.74 -25.413 0
187.4 210.15 -26.394 15
187.5 207.536 -25.875 15
187.6 204.975 -25.356 0
187.7 202.39 -26.337 15
187.8 199.782 -25.818 15
187.9 197.227 -25.299 0
188 194.648 -26.28 15
188.1 192.046 -25.761 15
188.2 189.495 -25.242 0
188.3 186.922 -26.223 15
188.4 184.326 -25.704 15
188.5 181.781 -25.185 0
188.6 179.214 -26.166 15
188.7 176.623 -25.647 15
188.8 174.084 -25.128 0
188.9 171.523 -26.109 15
189 168.938 -25.59 15
189.1 166.405 -25.071 0
189.2 163.848 -26.052 15
189.3 161.269 -25.533 15
189.4 158.742 -25.014 0
189.5 156.191 -25.995 15
189.6 153.618 -25.476 0
189.7 151.021 -26.457 15
189.8 148.401 -25.938 15
189.9 145.834 -25.419 0
190 143.243 -26.4 15
190.1 140.629 -25.881 15
190.2 138.066 -25.362 0
190.3 135.481 -26.343 15
190.4 132.873 -25.824 15
190.5 130.316 -25.305 0
190.6 127.737 -26.286 15
190.7 125.134 -25.767 15
190.8 122.583 -25.248 0
190.9 120.01 -26.229 15
191 117.413 -25.71 15
191.1 114.868 -25.191 0
191.2 112.299 -26.172 15
191.3 109.708 -25.653 15
191.4 107.169 -25.134 0
191.5 104.606 -26.115 15
191.6 102.021 -25.596 15
191.7 99.4872 -25.077 0
191.8 96.9305 -26.058 15
191.9 94.3506 -25.539 15
192 91.8227 -25.02 15
192.1 89.3466 -24.501 15
192.2 86.9225 -23.982 15
192.3 84.5502 -23.463 15
192.4 82.2299 -22.944 15
192.5 79.9614 -22.425 15
192.6 77.7449 -21.906 15
192.7 75.5802 -21.387 15
192.8 73.4675 -20.868 15
192.9 71.4066 -20.349 15
193 69.3977 -19.83 15
193.1 67.4406 -19.311 15
193.2 65.5355 -18.792 15
193.3 63.6822 -18.273 15
193.4 61.8809 -17.754 15
193.5 60.1314 -17.235 15
193.6 58.4339 -16.716 15
193.7 56.7882 -16.197 15
193.8 55.1945 -15.678 15
193.9 53.6526 -15.159 15
194 52.1627 -14.64 15
194.1 50.7246 -14.121 15
194.2 49.3385 -13.602 0
194.3 47.9292 -14.583 15
194.4 46.4969 -14.064 15
194.5 45.1164 -13.545 15
194.6 43.7879 -13.026 15
194.7 42.5112 -12.507 15
194.8 41.2865 -11.988 15
194.9 40.1136 -11.469 15
195 38.9927 -10.95 15
195.1 37.9236 -10.431 15
195.2 36.9065 -9.912 15
195.3 35.9412 -9.393 0
195.4 34.9529 -10.374 15
195.5 33.9414 -9.855 15
195.6 32.9819 -9.336 15
195.7 32.0742 -8.817 15
195.8 31.2185 -8.298 15
195.9 30.4146 -7.779 15
196 29.6627 -7.26 15
196.1 28.9626 -6.741 15
196.2 28.3145 -6.222 15
196.3 27.7182 -5.703 0
196.4 27.0989 -6.684 15
196.5 26.4564 -6.165 15
196.6 25.8659 -5.646 0
196.7 25.2522 -6.627 15
196.8 24.6155 -6.108 15
196.9 24.0306 -5.589 0
197 23.4227 -6.57 15
197.1 22.7916 -6.051 15
197.2 22.2125 -5.532 0
197.3 21.6102 -6.513 15
197.4 20.9849 -5.994 15
197.5 20.4114 -5.475 0
197.6 19.8149 -6.456 15
197.7 19.1952 -5.937 15
197.8 18.6275 -5.418 0
197.9 18.0366 -6.399 15
198 17.4227 -5.88 15
198.1 16.8606 -5.361 15
198.2 16.3505 -4.842 15
198.3 15.8922 -4.323 15
198.4 15.4859 -3.804 15
198.5 15.1314 -3.285 15
198.6 14.8289 -2.766 15
198.7 14.5782 -2.247 15
198.8 14.3795 -1.728 0
198.9 14.1576 -2.709 15
199 13.9127 -2.19 15
199.1 13.7196 -1.671 0
199.2 13.5035 -2.652 15
199.3 13.2642 -2.133 15
199.4 13.0769 -1.614 0
199.5 12.8664 -2.595 15
199.6 12.6329 -2.076 15
199.7 12.4512 -1.557 0
199.8 12.2465 -2.538 15
199.9 12.0186 -2.019 15
