-98.0392 -98.0392 15 -940.237 -915.884
-98.0392 -94.1176 15 -936.56 -896.75
-98.0392 -90.1961 15 -931.236 -877.781
-98.0392 -86.2745 15 -928.097 -856.905
-98.0392 -82.3529 15 -908.965 -838.998
-98.0392 -78.4314 15 -889.409 -820.057
-98.0392 -74.5098 15 -868.732 -799.275
-98.0392 -70.5882 15 -849.405 -780.248
-98.0392 -66.6667 15 -830.525 -759.882
-98.0392 -62.7451 15 -811.797 -740.404
-98.0392 -58.8235 15 -791.258 -721.234
-98.0392 -54.902 15 -771.177 -701.926
-98.0392 -50.9804 15 -752.218 -681.277
-98.0392 -47.0588 15 -732.88 -661.417
-98.0392 -43.1373 15 -712.797 -642.246
-98.0392 -39.2157 15 -693.353 -622.874
-98.0392 -35.2941 15 -672.55 -603.12
-98.0392 -31.3725 15 -653.854 -582.826
-98.0392 -27.451 15 -634.483 -562.873
-98.0392 -23.5294 15 -614.859 -541.01
-98.0392 -19.6078 15 -594.711 -518.025
-98.0392 -15.6863 15 -574.652 -492.325
-98.0392 -11.7647 15 -554.88 -460.93
-98.0392 -7.84314 15 -533.408 -422.482
-98.0392 -3.92157 15 -509.973 -376.323
-98.0392 0 15 -483.215 -320.446
-98.0392 3.92157 15 -452.761 -270.127
-98.0392 7.84314 15 -399.701 -228.542
-98.0392 11.7647 15 -339.705 -202.433
-98.0392 15.6863 15 -286.635 -169.563
-98.0392 19.6078 15 -241.732 -156.019
-98.0392 23.5294 15 -199.692 -132.127
-98.0392 27.451 15 -171.007 -132.327
-98.0392 31.3725 15 -153.102 -112.494
-98.0392 35.2941 15 -130.778 -103.145
-98.0392 39.2157 0 -121.962 -129.188
-98.0392 43.1373 0 -114.674 -166.57
-98.0392 47.0588 0 -92.8151 -207.225
-98.0392 50.9804 0 -106.477 -263.454
-98.0392 54.902 0 -136.77 -308.795
-98.0392 58.8235 0 -173.505 -345.319
-98.0392 62.7451 0 -227.944 -377.228
-98.0392 66.6667 0 -283.694 -407.474
-98.0392 70.5882 0 -324.584 -433.596
-98.0392 74.5098 0 -357.514 -454.884
-98.0392 78.4314 0 -387.693 -478.321
-98.0392 82.3529 0 -417.386 -501.061
-98.0392 86.2745 0 -439.42 -522.98
-98.0392 90.1961 0 -461.854 -546.2
-98.0392 94.1176 0 -484.452 -567.578
-98.0392 98.0392 0 -507.607 -576.324
-94.1176 -98.0392 15 -937.157 -913.312
-94.1176 -94.1176 15 -932.654 -894.296
-94.1176 -90.1961 15 -929.199 -873.135
-94.1176 -86.2745 15 -924.138 -854.101
-94.1176 -82.3529 15 -904.7 -834.951
-94.1176 -78.4314 15 -884.937 -815.858
-94.1176 -74.5098 15 -865.157 -795.342
-94.1176 -70.5882 15 -845.119 -776.445
-94.1176 -66.6667 15 -826.305 -755.907
-94.1176 -62.7451 15 -808.13 -736.189
-94.1176 -58.8235 15 -788.063 -717.472
-94.1176 -54.902 15 -767.521 -697.801
-94.1176 -50.9804 15 -747.03 -676.574
-94.1176 -47.0588 15 -728.193 -658.252
-94.1176 -43.1373 15 -709.402 -638.472
-94.1176 -39.2157 15 -689.668 -619.295
-94.1176 -35.2941 15 -668.886 -599.307
-94.1176 -31.3725 15 -650.155 -578.568
-94.1176 -27.451 15 -629.672 -558.997
-94.1176 -23.5294 15 -610.795 -537.879
-94.1176 -19.6078 15 -590.907 -514.434
-94.1176 -15.6863 15 -570.633 -488.284
-94.1176 -11.7647 15 -551.094 -457.167
-94.1176 -7.84314 15 -529.411 -418.802
-94.1176 -3.92157 15 -506.104 -358.572
-94.1176 0 15 -479.685 -304.269
-94.1176 3.92157 15 -445.307 -255.776
-94.1176 7.84314 15 -380.902 -214.597
-94.1176 11.7647 15 -321.27 -189.04
-94.1176 15.6863 15 -268.927 -160.726
-94.1176 19.6078 15 -226.077 -141.883
-94.1176 23.5294 15 -188.276 -127.08
-94.1176 27.451 15 -155.109 -124.722
-94.1176 31.3725 15 -140.902 -98.6871
-94.1176 35.2941 15 -114.403 -104.196
-94.1176 39.2157 0 -113.497 -133.081
-94.1176 43.1373 0 -103.085 -170.023
-94.1176 47.0588 0 -84.9348 -217.059
-94.1176 50.9804 0 -108.343 -274.096
-94.1176 54.902 0 -140.512 -317.27
-94.1176 58.8235 0 -182.871 -350.958
-94.1176 62.7451 0 -239.407 -382.574
-94.1176 66.6667 0 -292.056 -412.815
-94.1176 70.5882 0 -330.603 -437.201
-94.1176 74.5098 0 -363.438 -459.56
-94.1176 78.4314 0 -394.619 -481.512
-94.1176 82.3529 0 -419.913 -504.18
-94.1176 86.2745 0 -442.479 -527.407
-94.1176 90.1961 0 -465.766 -550.542
-94.1176 94.1176 0 -487.336 -576.1
-94.1176 98.0392 0 -510.098 -583.347
-90.1961 -98.0392 15 -932.445 -908.56
-90.1961 -94.1176 15 -927.807 -889.038
-90.1961 -90.1961 15 -924.901 -870.432
-90.1961 -86.2745 15 -921.07 -849.647
-90.1961 -82.3529 15 -900.736 -831.647
-90.1961 -78.4314 15 -880.044 -811.814
-90.1961 -74.5098 15 -861.02 -792.113
-90.1961 -70.5882 15 -841.788 -771.323
-90.1961 -66.6667 15 -823.514 -752.242
-90.1961 -62.7451 15 -804.212 -732.408
-90.1961 -58.8235 15 -784.346 -713.394
-90.1961 -54.902 15 -763.277 -693.691
-90.1961 -50.9804 15 -745.939 -673.364
-90.1961 -47.0588 15 -724.679 -653.586
-90.1961 -43.1373 15 -706.109 -634.112
-90.1961 -39.2157 15 -686.041 -615.44
-90.1961 -35.2941 15 -664.248 -595.324
-90.1961 -31.3725 15 -646.012 -575.096
-90.1961 -27.451 15 -626.75 -555.214
-90.1961 -23.5294 15 -606.71 -533.817
-90.1961 -19.6078 15 -587.329 -511.111
-90.1961 -15.6863 15 -567.049 -483.888
-90.1961 -11.7647 15 -546.772 -453.536
-90.1961 -7.84314 15 -525.665 -400.162
-90.1961 -3.92157 15 -502.738 -340.169
-90.1961 0 15 -472.672 -286.87
-90.1961 3.92157 15 -425.715 -242.057
-90.1961 7.84314 15 -361.848 -200.028
-90.1961 11.7647 15 -302.666 -171.356
-90.1961 15.6863 15 -251.511 -153.447
-90.1961 19.6078 15 -209.61 -131.138
-90.1961 23.5294 15 -177.313 -122.372
-90.1961 27.451 15 -144.778 -114.961
-90.1961 31.3725 15 -131.671 -93.1611
-90.1961 35.2941 0 -103.544 -106.922
-90.1961 39.2157 0 -108.361 -137.103
-90.1961 43.1373 0 -91.1141 -173.839
-90.1961 47.0588 0 -80.6096 -228.358
-90.1961 50.9804 0 -109.403 -284.174
-90.1961 54.902 0 -143.921 -325.062
-90.1961 58.8235 0 -193.976 -357.861
-90.1961 62.7451 0 -250.493 -388.278
-90.1961 66.6667 0 -300.89 -417.342
-90.1961 70.5882 0 -337.488 -439.916
-90.1961 74.5098 0 -369.593 -462.857
-90.1961 78.4314 0 -401.276 -484.207
-90.1961 82.3529 0 -423.856 -507.715
-90.1961 86.2745 0 -446.329 -528.86
-90.1961 90.1961 0 -468.751 -558.409
-90.1961 94.1176 0 -490.137 -583.56
-90.1961 98.0392 0 -520.267 -592.217
-86.2745 -98.0392 15 -929.201 -905.285
-86.2745 -94.1176 15 -925.232 -885.526
-86.2745 -90.1961 15 -920.305 -865.503
-86.2745 -86.2745 15 -916.443 -845.428
-86.2745 -82.3529 15 -897.73 -827.635
-86.2745 -78.4314 15 -877.457 -807.709
-86.2745 -74.5098 15 -857.475 -788.101
-86.2745 -70.5882 15 -837.297 -768.243
-86.2745 -66.6667 15 -818.469 -748.815
-86.2745 -62.7451 15 -800.175 -729.636
-86.2745 -58.8235 15 -779.277 -709.031
-86.2745 -54.902 15 -759.47 -689.005
-86.2745 -50.9804 15 -740.209 -670.107
-86.2745 -47.0588 15 -720.77 -650.76
-86.2745 -43.1373 15 -701.437 -630.782
-86.2745 -39.2157 15 -682.078 -611.38
-86.2745 -35.2941 15 -661.832 -591.887
-86.2745 -31.3725 15 -642.264 -571.021
-86.2745 -27.451 15 -623.135 -551.536
-86.2745 -23.5294 15 -603.231 -529.385
-86.2745 -19.6078 15 -582.957 -506.946
-86.2745 -15.6863 15 -562.823 -480.35
-86.2745 -11.7647 15 -543.52 -445.491
-86.2745 -7.84314 15 -521.184 -381.14
-86.2745 -3.92157 15 -494.967 -321.52
-86.2745 0 15 -464.67 -269.254
-86.2745 3.92157 15 -406.295 -226.385
-86.2745 7.84314 15 -343.029 -188.643
-86.2745 11.7647 15 -283.674 -155.45
-86.2745 15.6863 15 -232.609 -141.249
-86.2745 19.6078 15 -193.796 -114.757
-86.2745 23.5294 15 -164.048 -113.837
-86.2745 27.451 15 -133.059 -103.42
-86.2745 31.3725 15 -121.719 -85.2513
-86.2745 35.2941 0 -99.0295 -108.632
-86.2745 39.2157 0 -103.361 -140.853
-86.2745 43.1373 0 -75.2331 -183.354
-86.2745 47.0588 0 -80.5812 -239.801
-86.2745 50.9804 0 -111.448 -292.74
-86.2745 54.902 0 -152.45 -331.272
-86.2745 58.8235 0 -205.612 -363.591
-86.2745 62.7451 0 -262.357 -394.337
-86.2745 66.6667 0 -309.257 -420.843
-86.2745 70.5882 0 -343.103 -442.804
-86.2745 74.5098 0 -375.73 -465.184
-86.2745 78.4314 0 -403.485 -487.998
-86.2745 82.3529 0 -427.149 -510.306
-86.2745 86.2745 0 -449.258 -538.508
-86.2745 90.1961 0 -471.344 -568.564
-86.2745 94.1176 0 -500.226 -592.431
-86.2745 98.0392 0 -530.917 -599.59
-82.3529 -98.0392 15 -925.024 -902.019
-82.3529 -94.1176 15 -921.87 -881.258
-82.3529 -90.1961 15 -916.899 -861.02
-82.3529 -86.2745 15 -912.326 -841.922
-82.3529 -82.3529 15 -892.553 -822.698
-82.3529 -78.4314 15 -873.375 -805.004
-82.3529 -74.5098 15 -853.72 -783.629
-82.3529 -70.5882 15 -833.873 -764.122
-82.3529 -66.6667 15 -815.952 -744.685
-82.3529 -62.7451 15 -796.495 -725.127
-82.3529 -58.8235 15 -775.157 -705.494
-82.3529 -54.902 15 -755.642 -685.14
-82.3529 -50.9804 15 -736.049 -665.341
-82.3529 -47.0588 15 -717.512 -647.035
-82.3529 -43.1373 15 -697.352 -626.89
-82.3529 -39.2157 15 -678.17 -607.748
-82.3529 -35.2941 15 -657.623 -587.679
-82.3529 -31.3725 15 -638.938 -567.167
-82.3529 -27.451 15 -618.919 -547.485
-82.3529 -23.5294 15 -599.237 -526.162
-82.3529 -19.6078 15 -579.633 -502.816
-82.3529 -15.6863 15 -559.3 -472.452
-82.3529 -11.7647 15 -539.533 -426.277
-82.3529 -7.84314 15 -514.008 -361.94
-82.3529 -3.92157 15 -487.203 -303.078
-82.3529 0 15 -454.138 -251.896
-82.3529 3.92157 15 -387.623 -210.057
-82.3529 7.84314 15 -323.056 -177.687
-82.3529 11.7647 15 -265.623 -145.083
-82.3529 15.6863 15 -215.986 -132.07
-82.3529 19.6078 15 -175.474 -103.89
-82.3529 23.5294 15 -149.612 -108.741
-82.3529 27.451 15 -125.211 -91.4415
-82.3529 31.3725 15 -104.707 -80.9706
-82.3529 35.2941 0 -95.3174 -109.843
-82.3529 39.2157 0 -88.1415 -144.11
-82.3529 43.1373 0 -68.7735 -194.837
-82.3529 47.0588 0 -83.5722 -250.83
-82.3529 50.9804 0 -113.343 -301.033
-82.3529 54.902 0 -163.036 -337.382
-82.3529 58.8235 0 -216.807 -369.64
-82.3529 62.7451 0 -273.772 -401.79
-82.3529 66.6667 0 -317.169 -423.365
-82.3529 70.5882 0 -349.845 -446.677
-82.3529 74.5098 0 -381.876 -468.975
-82.3529 78.4314 0 -407.447 -490.957
-82.3529 82.3529 0 -429.379 -518.849
-82.3529 86.2745 0 -452.445 -550.116
-82.3529 90.1961 0 -480.698 -575.067
-82.3529 94.1176 0 -511.482 -599.663
-82.3529 98.0392 0 -541.877 -606.526
-78.4314 -98.0392 15 -920.025 -897.726
-78.4314 -94.1176 15 -918.118 -877.884
-78.4314 -90.1961 15 -913.796 -858.132
-78.4314 -86.2745 15 -908.692 -837.564
-78.4314 -82.3529 15 -889.599 -819.628
-78.4314 -78.4314 15 -869.252 -800.262
-78.4314 -74.5098 15 -850.027 -780.127
-78.4314 -70.5882 15 -829.689 -761.159
-78.4314 -66.6667 15 -811.519 -740.418
-78.4314 -62.7451 15 -791.397 -720.767
-78.4314 -58.8235 15 -771.44 -702.162
-78.4314 -54.902 15 -752.87 -682.294
-78.4314 -50.9804 15 -732.348 -662.229
-78.4314 -47.0588 15 -713.105 -642.792
-78.4314 -43.1373 15 -693.587 -622.463
-78.4314 -39.2157 15 -673.315 -603.714
-78.4314 -35.2941 15 -653.541 -583.94
-78.4314 -31.3725 15 -634.153 -563.515
-78.4314 -27.451 15 -614.446 -542.815
-78.4314 -23.5294 15 -595.429 -522.092
-78.4314 -19.6078 15 -575.542 -494.888
-78.4314 -15.6863 15 -555.156 -465.125
-78.4314 -11.7647 15 -531.861 -407.095
-78.4314 -7.84314 15 -506.382 -343.099
-78.4314 -3.92157 15 -479.331 -283.901
-78.4314 0 15 -434.163 -232.947
-78.4314 3.92157 15 -367.637 -194.119
-78.4314 7.84314 15 -304.521 -164.382
-78.4314 11.7647 15 -249.169 -133.384
-78.4314 15.6863 15 -202.085 -122.054
-78.4314 19.6078 15 -161.068 -99.398
-78.4314 23.5294 15 -135.631 -103.686
-78.4314 27.451 15 -117.124 -75.5719
-78.4314 31.3725 15 -90.88 -80.9223
-78.4314 35.2941 0 -90.8085 -111.736
-78.4314 39.2157 0 -77.284 -152.867
-78.4314 43.1373 0 -67.7739 -205.848
-78.4314 47.0588 0 -87.1765 -262.106
-78.4314 50.9804 0 -121.377 -309.388
-78.4314 54.902 0 -173.913 -343.086
-78.4314 58.8235 0 -228.278 -376.276
-78.4314 62.7451 0 -285.187 -403.541
-78.4314 66.6667 0 -322.73 -426.109
-78.4314 70.5882 0 -355.481 -449.506
-78.4314 74.5098 0 -387.728 -472.665
-78.4314 78.4314 0 -409.951 -499.818
-78.4314 82.3529 0 -432.733 -530.75
-78.4314 86.2745 0 -461.618 -561.116
-78.4314 90.1961 0 -491.115 -583.72
-78.4314 94.1176 0 -522.448 -607.987
-78.4314 98.0392 0 -552.41 -613.979
-74.5098 -98.0392 15 -917.22 -893.298
-74.5098 -94.1176 15 -913.457 -873.274
-74.5098 -90.1961 15 -909.001 -854.05
-74.5098 -86.2745 15 -905.061 -835.096
-74.5098 -82.3529 15 -884.071 -815.102
-74.5098 -78.4314 15 -865.833 -796.096
-74.5098 -74.5098 15 -846.709 -775.095
-74.5098 -70.5882 15 -825.249 -757.268
-74.5098 -66.6667 15 -807.225 -736.444
-74.5098 -62.7451 15 -788.364 -716.938
-74.5098 -58.8235 15 -768.444 -697.716
-74.5098 -54.902 15 -748.261 -678.308
-74.5098 -50.9804 15 -728.741 -657.927
-74.5098 -47.0588 15 -708.505 -638.607
-74.5098 -43.1373 15 -689.433 -619.49
-74.5098 -39.2157 15 -669.425 -600.104
-74.5098 -35.2941 15 -649.572 -579.489
-74.5098 -31.3725 15 -630.506 -559.313
-74.5098 -27.451 15 -610.502 -539.16
-74.5098 -23.5294 15 -591.887 -514.306
-74.5098 -19.6078 15 -571.656 -487.795
-74.5098 -15.6863 15 -548.46 -454.251
-74.5098 -11.7647 15 -524.612 -387.903
-74.5098 -7.84314 15 -499.254 -323.634
-74.5098 -3.92157 15 -468.884 -265.947
-74.5098 0 15 -414.594 -216.359
-74.5098 3.92157 15 -348.438 -175.74
-74.5098 7.84314 15 -286.722 -149.996
-74.5098 11.7647 15 -233.241 -125.525
-74.5098 15.6863 15 -188.781 -105.068
-74.5098 19.6078 15 -150.58 -95.659
-74.5098 23.5294 15 -118.283 -88.5095
-74.5098 27.451 15 -107.232 -69.1213
-74.5098 31.3725 15 -85.3554 -83.9731
-74.5098 35.2941 0 -80.3869 -113.891
-74.5098 39.2157 0 -70.7755 -163.442
-74.5098 43.1373 0 -67.7664 -217.021
-74.5098 47.0588 0 -90.5366 -273.876
-74.5098 50.9804 0 -131.956 -317.817
-74.5098 54.902 0 -184.214 -349.985
-74.5098 58.8235 0 -239.981 -381.462
-74.5098 62.7451 0 -294.001 -407.837
-74.5098 66.6667 0 -329.692 -430.029
-74.5098 70.5882 0 -361.435 -452.666
-74.5098 74.5098 0 -390.472 -480.093
-74.5098 78.4314 0 -414.147 -511.083
-74.5098 82.3529 0 -442.134 -541.601
-74.5098 86.2745 0 -472.189 -568.908
-74.5098 90.1961 0 -503.469 -590.364
-74.5098 94.1176 0 -533.345 -614.975
-74.5098 98.0392 0 -559.684 -622.087
-70.5882 -98.0392 15 -913.683 -890.219
-70.5882 -94.1176 15 -909.274 -870.21
-70.5882 -90.1961 15 -905.767 -850.214
-70.5882 -86.2745 15 -900.822 -829.972
-70.5882 -82.3529 15 -881.4 -811.505
-70.5882 -78.4314 15 -861.955 -793.228
-70.5882 -74.5098 15 -842.416 -772.514
-70.5882 -70.5882 15 -821.836 -752.567
-70.5882 -66.6667 15 -803.565 -733.136
-70.5882 -62.7451 15 -784.044 -713.453
-70.5882 -58.8235 15 -764.609 -694.775
-70.5882 -54.902 15 -744.426 -674.313
-70.5882 -50.9804 15 -725.522 -654.425
-70.5882 -47.0588 15 -705.358 -635.423
-70.5882 -43.1373 15 -686.329 -615.769
-70.5882 -39.2157 15 -666.209 -595.94
-70.5882 -35.2941 15 -645.273 -576.364
-70.5882 -31.3725 15 -626.162 -555.761
-70.5882 -27.451 15 -606.557 -532.271
-70.5882 -23.5294 15 -587.232 -506.841
-70.5882 -19.6078 15 -564.159 -479.644
-70.5882 -15.6863 15 -540.457 -434.16
-70.5882 -11.7647 15 -516.409 -368.274
-70.5882 -7.84314 15 -491.18 -304.89
-70.5882 -3.92157 15 -457.421 -249.564
-70.5882 0 15 -395.512 -202.425
-70.5882 3.92157 15 -329.285 -161.45
-70.5882 7.84314 15 -269.031 -135.931
-70.5882 11.7647 15 -215.835 -117.511
-70.5882 15.6863 15 -172.171 -91.2171
-70.5882 19.6078 15 -140.991 -91.1114
-70.5882 23.5294 15 -107.287 -77.5812
-70.5882 27.451 15 -95.6072 -68.1837
-70.5882 31.3725 0 -77.4521 -87.5057
-70.5882 35.2941 0 -75.8852 -121.705
-70.5882 39.2157 0 -55.7896 -174.156
-70.5882 43.1373 0 -68.5441 -228.629
-70.5882 47.0588 0 -99.2054 -285.859
-70.5882 50.9804 0 -142.639 -323.378
-70.5882 54.902 0 -195.64 -355.885
-70.5882 58.8235 0 -251.021 -387.709
-70.5882 62.7451 0 -301.075 -410.73
-70.5882 66.6667 0 -335.795 -432.599
-70.5882 70.5882 0 -367.463 -460.914
-70.5882 74.5098 0 -393.919 -491.305
-70.5882 78.4314 0 -421.832 -521.649
-70.5882 82.3529 0 -451.733 -551.081
-70.5882 86.2745 0 -483.626 -576.391
-70.5882 90.1961 0 -514.72 -599.259
-70.5882 94.1176 0 -543.706 -622.66
-70.5882 98.0392 0 -567.779 -629.341
-66.6667 -98.0392 15 -910.342 -886.923
-66.6667 -94.1176 15 -905.721 -866.057
-66.6667 -90.1961 15 -900.301 -847.139
-66.6667 -86.2745 15 -898.128 -826.91
-66.6667 -82.3529 15 -878.368 -806.773
-66.6667 -78.4314 15 -856.945 -788.121
-66.6667 -74.5098 15 -838.062 -768.329
-66.6667 -70.5882 15 -818.272 -748.22
-66.6667 -66.6667 15 -798.741 -729.783
-66.6667 -62.7451 15 -780.376 -708.476
-66.6667 -58.8235 15 -760.125 -689.895
-66.6667 -54.902 15 -740.208 -670.935
-66.6667 -50.9804 15 -720.739 -649.063
-66.6667 -47.0588 15 -700.969 -630.823
-66.6667 -43.1373 15 -682.041 -611.457
-66.6667 -39.2157 15 -661.833 -591.56
-66.6667 -35.2941 15 -641.892 -571.539
-66.6667 -31.3725 15 -622.146 -548.842
-66.6667 -27.451 15 -602.666 -524.54
-66.6667 -23.5294 15 -580.202 -499.438
-66.6667 -19.6078 15 -556.646 -469.118
-66.6667 -15.6863 15 -532.08 -414.841
-66.6667 -11.7647 15 -509.191 -348.72
-66.6667 -7.84314 15 -479.829 -287.035
-66.6667 -3.92157 15 -443.668 -233.538
-66.6667 0 15 -375.876 -189.107
-66.6667 3.92157 15 -310.542 -150.983
-66.6667 7.84314 15 -250.789 -118.602
-66.6667 11.7647 15 -198.046 -107.581
-66.6667 15.6863 15 -155.83 -85.6586
-66.6667 19.6078 15 -125.19 -80.7086
-66.6667 23.5294 15 -101.202 -71.0884
-66.6667 27.451 15 -83.6469 -68.0837
-66.6667 31.3725 0 -73.1265 -90.8384
-66.6667 35.2941 0 -69.9797 -132.235
-66.6667 39.2157 0 -47.7573 -184.751
-66.6667 43.1373 0 -67.414 -240.235
-66.6667 47.0588 0 -108.794 -294.174
-66.6667 50.9804 0 -153.512 -330.179
-66.6667 54.902 0 -205.855 -361.928
-66.6667 58.8235 0 -262.345 -390.786
-66.6667 62.7451 0 -310.373 -414.508
-66.6667 66.6667 0 -342.063 -441.365
-66.6667 70.5882 0 -374.159 -472.221
-66.6667 74.5098 0 -403.492 -503.757
-66.6667 78.4314 0 -433.919 -532.422
-66.6667 82.3529 0 -464.056 -559.911
-66.6667 86.2745 0 -495.092 -583.421
-66.6667 90.1961 0 -525.102 -606.114
-66.6667 94.1176 0 -551.909 -629.288
-66.6667 98.0392 0 -575.488 -638.518
-62.7451 -98.0392 15 -904.402 -882.001
-62.7451 -94.1176 15 -900.57 -862.647
-62.7451 -90.1961 15 -897.819 -842.107
-62.7451 -86.2745 15 -893.868 -822.248
-62.7451 -82.3529 15 -872.732 -803.436
-62.7451 -78.4314 15 -853.767 -785.893
-62.7451 -74.5098 15 -834.027 -764.398
-62.7451 -70.5882 15 -813.363 -745.271
-62.7451 -66.6667 15 -794.499 -725.458
-62.7451 -62.7451 15 -777.317 -705.39
-62.7451 -58.8235 15 -756.242 -684.977
-62.7451 -54.902 15 -736.374 -666.832
-62.7451 -50.9804 15 -716.827 -646.285
-62.7451 -47.0588 15 -697.35 -627.193
-62.7451 -43.1373 15 -678.974 -607.371
-62.7451 -39.2157 15 -658.01 -587.811
-62.7451 -35.2941 15 -637.698 -564.116
-62.7451 -31.3725 15 -618.777 -540.752
-62.7451 -27.451 15 -595.784 -516.252
-62.7451 -23.5294 15 -571.754 -492.212
-62.7451 -19.6078 15 -548.101 -457.542
-62.7451 -15.6863 15 -525.526 -395.778
-62.7451 -11.7647 15 -501.413 -329.3
-62.7451 -7.84314 15 -469.297 -269.325
-62.7451 -3.92157 15 -424.525 -216.081
-62.7451 0 15 -355.945 -172.454
-62.7451 3.92157 15 -291.717 -141.355
-62.7451 7.84314 15 -232.045 -107.642
-62.7451 11.7647 15 -181.594 -95.9205
-62.7451 15.6863 15 -141.743 -77.7855
-62.7451 19.6078 15 -111.031 -76.2441
-62.7451 23.5294 15 -95.999 -56.1369
-62.7451 27.451 0 -67.7799 -68.9008
-62.7451 31.3725 0 -67.6273 -99.5811
-62.7451 35.2941 0 -53.9238 -142.826
-62.7451 39.2157 0 -48.9299 -196.327
-62.7451 43.1373 0 -72.394 -251.46
-62.7451 47.0588 0 -117.783 -301.946
-62.7451 50.9804 0 -165.089 -335.813
-62.7451 54.902 0 -217.939 -368.177
-62.7451 58.8235 0 -273.84 -394.249
-62.7451 62.7451 0 -316.477 -421.534
-62.7451 66.6667 0 -348.345 -451.748
-62.7451 70.5882 0 -381.87 -483.141
-62.7451 74.5098 0 -414.25 -513.39
-62.7451 78.4314 0 -444.325 -543.436
-62.7451 82.3529 0 -474.942 -567.448
-62.7451 86.2745 0 -505.832 -591.002
-62.7451 90.1961 0 -536.896 -614.407
-62.7451 94.1176 0 -559.783 -637.479
-62.7451 98.0392 0 -582.816 -645.727
-58.8235 -98.0392 15 -901.999 -877.058
-58.8235 -94.1176 15 -897.597 -858.485
-58.8235 -90.1961 15 -894.276 -838.76
-58.8235 -86.2745 15 -889.757 -817.59
-58.8235 -82.3529 15 -869.616 -799.598
-58.8235 -78.4314 15 -850.587 -781.321
-58.8235 -74.5098 15 -830.281 -760.521
-58.8235 -70.5882 15 -811.043 -740.912
-58.8235 -66.6667 15 -791.504 -721.261
-58.8235 -62.7451 15 -772.418 -700.843
-58.8235 -58.8235 15 -752.755 -682.805
-58.8235 -54.902 15 -732.649 -662.604
-58.8235 -50.9804 15 -712.286 -641.73
-58.8235 -47.0588 15 -693.171 -622.983
-58.8235 -43.1373 15 -674.038 -603.081
-58.8235 -39.2157 15 -654.817 -580.16
-58.8235 -35.2941 15 -634.094 -556.986
-58.8235 -31.3725 15 -611.714 -533.472
-58.8235 -27.451 15 -587.756 -508.916
-58.8235 -23.5294 15 -564.928 -480.05
-58.8235 -19.6078 15 -540.609 -443.524
-58.8235 -15.6863 15 -517.654 -376.222
-58.8235 -11.7647 15 -489.497 -310.852
-58.8235 -7.84314 15 -457.561 -250.975
-58.8235 -3.92157 15 -404.719 -198.463
-58.8235 0 15 -337.279 -156.219
-58.8235 3.92157 15 -272.792 -125.57
-58.8235 7.84314 15 -214.142 -101.536
-58.8235 11.7647 15 -163.144 -83.9755
-58.8235 15.6863 15 -124.14 -73.4836
-58.8235 19.6078 15 -100.226 -70.3262
-58.8235 23.5294 15 -80.7351 -48.0805
-58.8235 27.451 0 -61.3076 -67.7066
-58.8235 31.3725 0 -62.2422 -109.144
-58.8235 35.2941 0 -42.5498 -153.692
-58.8235 39.2157 0 -51.0517 -206.872
-58.8235 43.1373 0 -80.3589 -262.821
-58.8235 47.0588 0 -126.975 -310.647
-58.8235 50.9804 0 -176.424 -342.335
-58.8235 54.902 0 -228.858 -374.918
-58.8235 58.8235 0 -285.315 -402.995
-58.8235 62.7451 0 -323.212 -433.587
-58.8235 66.6667 0 -359.307 -463
-58.8235 70.5882 0 -393.568 -494.642
-58.8235 74.5098 0 -424.997 -525.239
-58.8235 78.4314 0 -456.648 -551.761
-58.8235 82.3529 0 -485.162 -574.79
-58.8235 86.2745 0 -516.867 -598.323
-58.8235 90.1961 0 -543.803 -622.251
-58.8235 94.1176 0 -567.019 -645.127
-58.8235 98.0392 0 -591.508 -653.278
-54.902 -98.0392 15 -897.655 -874.287
-54.902 -94.1176 15 -894.198 -854.246
-54.902 -90.1961 15 -889.777 -834.536
-54.902 -86.2745 15 -886.109 -814.587
-54.902 -82.3529 15 -866.524 -796.215
-54.902 -78.4314 15 -846.266 -776.802
-54.902 -74.5098 15 -826.431 -756
-54.902 -70.5882 15 -806.86 -736.746
-54.902 -66.6667 15 -788.005 -717.989
-54.902 -62.7451 15 -769.493 -697.404
-54.902 -58.8235 15 -748.535 -678.6
-54.902 -54.902 15 -728.46 -659.186
-54.902 -50.9804 15 -709.011 -638.416
-54.902 -47.0588 15 -689.356 -618.824
-54.902 -43.1373 15 -670.53 -596.458
-54.902 -39.2157 15 -650.68 -572.527
-54.902 -35.2941 15 -626.69 -549.172
-54.902 -31.3725 15 -603.756 -525.502
-54.902 -27.451 15 -581.003 -501.229
-54.902 -23.5294 15 -557.376 -469.721
-54.902 -19.6078 15 -533.147 -425.028
-54.902 -15.6863 15 -510.434 -356.295
-54.902 -11.7647 15 -478.921 -292.302
-54.902 -7.84314 15 -444.032 -232.413
-54.902 -3.92157 15 -385.077 -181.911
-54.902 0 15 -317.809 -142.028
-54.902 3.92157 15 -253.807 -111.353
-54.902 7.84314 15 -195.171 -96.3611
-54.902 11.7647 15 -147.525 -68.1001
-54.902 15.6863 15 -110.679 -67.9716
-54.902 19.6078 15 -83.8685 -54.2591
-54.902 23.5294 15 -69.8123 -49.2964
-54.902 27.451 0 -60.3373 -72.7532
-54.902 31.3725 0 -54.3173 -118.156
-54.902 35.2941 0 -42.847 -165.559
-54.902 39.2157 0 -58.3761 -218.209
-54.902 43.1373 0 -89.6257 -274.471
-54.902 47.0588 0 -137.073 -316.384
-54.902 50.9804 0 -186.73 -348.273
-54.902 54.902 0 -239.236 -381.616
-54.902 58.8235 0 -293.731 -414.372
-54.902 62.7451 0 -334.576 -444.312
-54.902 66.6667 0 -374.255 -474.452
-54.902 70.5882 0 -404.933 -505.647
-54.902 74.5098 0 -436.691 -535.389
-54.902 78.4314 0 -466.818 -560.058
-54.902 82.3529 0 -496.308 -582.605
-54.902 86.2745 0 -527.363 -606.561
-54.902 90.1961 0 -551.968 -630.212
-54.902 94.1176 0 -574.293 -652.824
-54.902 98.0392 0 -598.281 -660.614
-50.9804 -98.0392 15 -893.436 -870.409
-50.9804 -94.1176 15 -889.419 -850.404
-50.9804 -90.1961 15 -885.1 -831.004
-50.9804 -86.2745 15 -880.776 -810.639
-50.9804 -82.3529 15 -861.308 -791.247
-50.9804 -78.4314 15 -842.077 -772.276
-50.9804 -74.5098 15 -822.235 -752.867
-50.9804 -70.5882 15 -802.258 -733.081
-50.9804 -66.6667 15 -783.638 -713.758
-50.9804 -62.7451 15 -765.685 -694.239
-50.9804 -58.8235 15 -745.071 -673.937
-50.9804 -54.902 15 -724.826 -654.412
-50.9804 -50.9804 15 -705.053 -634.726
-50.9804 -47.0588 15 -685.235 -612.165
-50.9804 -43.1373 15 -666.697 -588.948
-50.9804 -39.2157 15 -642.528 -565.387
-50.9804 -35.2941 15 -619.709 -540.88
-50.9804 -31.3725 15 -596.845 -518.751
-50.9804 -27.451 15 -572.056 -490.462
-50.9804 -23.5294 15 -549.072 -457.541
-50.9804 -19.6078 15 -525.484 -405.339
-50.9804 -15.6863 15 -498.048 -337.522
-50.9804 -11.7647 15 -468.225 -273.032
-50.9804 -7.84314 15 -429.908 -214.532
-50.9804 -3.92157 15 -364.977 -163.473
-50.9804 0 15 -298.49 -124.46
-50.9804 3.92157 15 -235.134 -100.553
-50.9804 7.84314 15 -178.064 -81.057
-50.9804 11.7647 15 -134.295 -61.6345
-50.9804 15.6863 15 -101.243 -62.6076
-50.9804 19.6078 15 -73.0006 -42.8981
-50.9804 23.5294 15 -63.2518 -51.3617
-50.9804 27.451 0 -59.5978 -80.7138
-50.9804 31.3725 0 -44.213 -127.442
-50.9804 35.2941 0 -39.4091 -176.615
-50.9804 39.2157 0 -67.6053 -229.009
-50.9804 43.1373 0 -100.643 -285.331
-50.9804 47.0588 0 -146.278 -323.513
-50.9804 50.9804 0 -197.898 -358.626
-50.9804 54.902 0 -251.716 -393.895
-50.9804 58.8235 0 -308.278 -424.338
-50.9804 62.7451 0 -348.686 -455.669
-50.9804 66.6667 0 -384.438 -485.062
-50.9804 70.5882 0 -415.973 -516.27
-50.9804 74.5098 0 -447.611 -543.748
-50.9804 78.4314 0 -478.329 -566.342
-50.9804 82.3529 0 -508.624 -591.216
-50.9804 86.2745 0 -534.386 -613.063
-50.9804 90.1961 0 -558.615 -636.928
-50.9804 94.1176 0 -582.41 -660.166
-50.9804 98.0392 0 -606.359 -668.645
-47.0588 -98.0392 15 -890.459 -866.588
-47.0588 -94.1176 15 -885.588 -846.37
-47.0588 -90.1961 15 -881.815 -826.963
-47.0588 -86.2745 15 -877.966 -805.873
-47.0588 -82.3529 15 -858.362 -788.456
-47.0588 -78.4314 15 -838.002 -769.34
-47.0588 -74.5098 15 -820.395 -749.798
-47.0588 -70.5882 15 -798.441 -728.86
-47.0588 -66.6667 15 -779.99 -709.318
-47.0588 -62.7451 15 -760.81 -689.523
-47.0588 -58.8235 15 -740.117 -671.159
-47.0588 -54.902 15 -721.323 -650.172
-47.0588 -50.9804 15 -701.425 -626.743
-47.0588 -47.0588 15 -682.381 -605.054
-47.0588 -43.1373 15 -658.668 -581.045
-47.0588 -39.2157 15 -634.393 -557.564
-47.0588 -35.2941 15 -612.206 -533.477
-47.0588 -31.3725 15 -589.609 -511.15
-47.0588 -27.451 15 -564.987 -479.403
-47.0588 -23.5294 15 -541.741 -444.6
-47.0588 -19.6078 15 -518.242 -385.632
-47.0588 -15.6863 15 -487.554 -317.881
-47.0588 -11.7647 15 -457.613 -254.048
-47.0588 -7.84314 15 -414.397 -195.454
-47.0588 -3.92157 15 -345.691 -147.799
-47.0588 0 15 -279.27 -111.002
-47.0588 3.92157 15 -215.686 -84.174
-47.0588 7.84314 15 -162.044 -70.1662
-47.0588 11.7647 15 -120.803 -60.6812
-47.0588 15.6863 15 -91.1334 -54.6554
-47.0588 19.6078 15 -68.4398 -43.1918
-47.0588 23.5294 0 -48.3268 -58.697
-47.0588 27.451 0 -44.6241 -90.0317
-47.0588 31.3725 0 -30.3664 -137.291
-47.0588 35.2941 0 -38.2996 -187.191
-47.0588 39.2157 0 -75.2581 -239.826
-47.0588 43.1373 0 -111.852 -293.846
-47.0588 47.0588 0 -156.394 -334.041
-47.0588 50.9804 0 -208.572 -373.641
-47.0588 54.902 0 -268.356 -405.196
-47.0588 58.8235 0 -321.166 -435.355
-47.0588 62.7451 0 -361.924 -466.862
-47.0588 66.6667 0 -396.14 -496.585
-47.0588 70.5882 0 -426.546 -527.002
-47.0588 74.5098 0 -457.59 -551.586
-47.0588 78.4314 0 -488.793 -573.831
-47.0588 82.3529 0 -519.494 -598.147
-47.0588 86.2745 0 -543.587 -621.726
-47.0588 90.1961 0 -566.812 -644.385
-47.0588 94.1176 0 -590.697 -669.215
-47.0588 98.0392 0 -613.533 -676.446
-43.1373 -98.0392 15 -886.511 -862.322
-43.1373 -94.1176 15 -882.409 -842.904
-43.1373 -90.1961 15 -878.157 -822.693
-43.1373 -86.2745 15 -874.658 -802.491
-43.1373 -82.3529 15 -854.478 -783.221
-43.1373 -78.4314 15 -833.929 -765.106
-43.1373 -74.5098 15 -815.26 -744.147
-43.1373 -70.5882 15 -794.639 -724.737
-43.1373 -66.6667 15 -775.965 -705.075
-43.1373 -62.7451 15 -756.836 -686.369
-43.1373 -58.8235 15 -737.156 -666.46
-43.1373 -54.902 15 -716.366 -642.929
-43.1373 -50.9804 15 -697.159 -620.194
-43.1373 -47.0588 15 -674.527 -596.6
-43.1373 -43.1373 15 -650.992 -573.897
-43.1373 -39.2157 15 -626.923 -549.416
-43.1373 -35.2941 15 -603.508 -525.452
-43.1373 -31.3725 15 -581.646 -498.678
-43.1373 -27.451 15 -557.273 -468.036
-43.1373 -23.5294 15 -534.317 -429.953
-43.1373 -19.6078 15 -508.073 -365.567
-43.1373 -15.6863 15 -477.342 -298.806
-43.1373 -11.7647 15 -443.179 -235.661
-43.1373 -7.84314 15 -395.497 -178.349
-43.1373 -3.92157 15 -326.599 -134.553
-43.1373 0 15 -259.869 -101.573
-43.1373 3.92157 15 -197.286 -73.3481
-43.1373 7.84314 15 -146.024 -63.6327
-43.1373 11.7647 15 -103.06 -59.9567
-43.1373 15.6863 15 -74.1722 -44.5409
-43.1373 19.6078 15 -62.5031 -39.7804
-43.1373 23.5294 0 -40.2793 -67.8776
-43.1373 27.451 0 -38.2084 -101.036
-43.1373 31.3725 0 -29.4481 -146.91
-43.1373 35.2941 0 -42.7885 -198.208
-43.1373 39.2157 0 -82.1813 -252.051
-43.1373 43.1373 0 -122.909 -307.849
-43.1373 47.0588 0 -166.879 -348.335
-43.1373 50.9804 0 -225.473 -383.953
-43.1373 54.902 0 -287.643 -415.483
-43.1373 58.8235 0 -335.466 -446.993
-43.1373 62.7451 0 -376.784 -477.488
-43.1373 66.6667 0 -406.773 -507.462
-43.1373 70.5882 0 -438.016 -534.851
-43.1373 74.5098 0 -468.947 -559.655
-43.1373 78.4314 0 -499.866 -581.996
-43.1373 82.3529 0 -526.976 -605.095
-43.1373 86.2745 0 -550.872 -629.7
-43.1373 90.1961 0 -574.21 -652.443
-43.1373 94.1176 0 -598.239 -675.238
-43.1373 98.0392 0 -622.01 -682.989
-39.2157 -98.0392 15 -881.795 -858.217
-39.2157 -94.1176 15 -877.847 -839.176
-39.2157 -90.1961 15 -874.507 -818.846
-39.2157 -86.2745 15 -870.285 -799.532
-39.2157 -82.3529 15 -849.19 -781.113
-39.2157 -78.4314 15 -830.327 -761.525
-39.2157 -74.5098 15 -811.079 -740.636
-39.2157 -70.5882 15 -791.784 -721.001
-39.2157 -66.6667 15 -772.567 -701.936
-39.2157 -62.7451 15 -753.591 -681.726
-39.2157 -58.8235 15 -733.245 -658.765
-39.2157 -54.902 15 -713.135 -635.426
-39.2157 -50.9804 15 -689.381 -611.894
-39.2157 -47.0588 15 -666.645 -589.525
-39.2157 -43.1373 15 -643.416 -564.862
-39.2157 -39.2157 15 -619.713 -542.2
-39.2157 -35.2941 15 -596.148 -518.492
-39.2157 -31.3725 15 -573.149 -487.143
-39.2157 -27.451 15 -549.227 -457.19
-39.2157 -23.5294 15 -526.919 -414.686
-39.2157 -19.6078 15 -496.836 -345.871
-39.2157 -15.6863 15 -465.182 -279.669
-39.2157 -11.7647 15 -428.866 -216.067
-39.2157 -7.84314 15 -374.719 -162.282
-39.2157 -3.92157 15 -306.674 -121.113
-39.2157 0 15 -240.741 -91.481
-39.2157 3.92157 15 -179.803 -68.7695
-39.2157 7.84314 15 -127.83 -48.669
-39.2157 11.7647 15 -87.1553 -44.9935
-39.2157 15.6863 15 -60.3051 -30.6998
-39.2157 19.6078 15 -46.4374 -38.6259
-39.2157 23.5294 0 -41.4292 -75.5608
-39.2157 27.451 0 -36.6323 -112.305
-39.2157 31.3725 0 -33.8734 -156.866
-39.2157 35.2941 0 -52.4802 -209.075
-39.2157 39.2157 0 -89.6947 -268.038
-39.2157 43.1373 0 -133.378 -320.944
-39.2157 47.0588 0 -183.067 -361.798
-39.2157 50.9804 0 -243.976 -395.334
-39.2157 54.902 0 -306.451 -426.296
-39.2157 58.8235 0 -350.237 -457.186
-39.2157 62.7451 0 -387.255 -487.996
-39.2157 66.6667 0 -417.855 -518.497
-39.2157 70.5882 0 -448.336 -542.875
-39.2157 74.5098 0 -480.394 -566.321
-39.2157 78.4314 0 -510.683 -590.142
-39.2157 82.3529 0 -534.532 -613.264
-39.2157 86.2745 0 -558.929 -637.206
-39.2157 90.1961 0 -581.872 -659.664
-39.2157 94.1176 0 -605.038 -682.409
-39.2157 98.0392 0 -629.162 -691.689
-35.2941 -98.0392 15 -878.377 -854.709
-35.2941 -94.1176 15 -873.413 -834.471
-35.2941 -90.1961 15 -869.667 -815.095
-35.2941 -86.2745 15 -867.249 -795.583
-35.2941 -82.3529 15 -845.883 -776.208
-35.2941 -78.4314 15 -826.367 -757.436
-35.2941 -74.5098 15 -806.86 -737.087
-35.2941 -70.5882 15 -786.985 -717.486
-35.2941 -66.6667 15 -768.599 -697.567
-35.2941 -62.7451 15 -750.254 -675.16
-35.2941 -58.8235 15 -729.099 -651.031
-35.2941 -54.902 15 -705.184 -627.807
-35.2941 -50.9804 15 -681.938 -605.161
-35.2941 -47.0588 15 -659.295 -582.146
-35.2941 -43.1373 15 -635.872 -558.051
-35.2941 -39.2157 15 -612.605 -535.082
-35.2941 -35.2941 15 -588.082 -508.104
-35.2941 -31.3725 15 -565.503 -477.378
-35.2941 -27.451 15 -542.276 -443.57
-35.2941 -23.5294 15 -515.64 -395.508
-35.2941 -19.6078 15 -484.868 -327.144
-35.2941 -15.6863 15 -454.891 -259.976
-35.2941 -11.7647 15 -414.823 -197.678
-35.2941 -7.84314 15 -356.058 -146.388
-35.2941 -3.92157 15 -287.63 -103.405
-35.2941 0 15 -221.25 -74.4745
-35.2941 3.92157 15 -162.239 -62.855
-35.2941 7.84314 15 -110.36 -40.6152
-35.2941 11.7647 15 -76.7475 -38.5628
-35.2941 15.6863 15 -54.8164 -29.7599
-35.2941 19.6078 0 -35.1034 -43.1189
-35.2941 23.5294 0 -40.083 -82.5724
-35.2941 27.451 0 -23.1598 -123.277
-35.2941 31.3725 0 -38.5053 -167.303
-35.2941 35.2941 0 -62.9526 -225.33
-35.2941 39.2157 0 -97.5497 -286.974
-35.2941 43.1373 0 -148.496 -335.016
-35.2941 47.0588 0 -201.894 -376.248
-35.2941 50.9804 0 -262.788 -406.908
-35.2941 54.902 0 -322.649 -437.897
-35.2941 58.8235 0 -363.114 -468.568
-35.2941 62.7451 0 -397.754 -499.761
-35.2941 66.6667 0 -429.309 -525.545
-35.2941 70.5882 0 -460.494 -550.233
-35.2941 74.5098 0 -491.691 -574.331
-35.2941 78.4314 0 -518.317 -597.718
-35.2941 82.3529 0 -542.279 -621.05
-35.2941 86.2745 0 -566.931 -644.716
-35.2941 90.1961 0 -590.619 -668.211
-35.2941 94.1176 0 -612.728 -691.79
-35.2941 98.0392 0 -636.814 -698.515
-31.3725 -98.0392 15 -874.692 -849.668
-31.3725 -94.1176 15 -869.654 -831.118
-31.3725 -90.1961 15 -866.167 -811.37
-31.3725 -86.2745 15 -861.856 -791.919
-31.3725 -82.3529 15 -842.57 -772.274
-31.3725 -78.4314 15 -823.191 -753.866
-31.3725 -74.5098 15 -803.001 -733.352
-31.3725 -70.5882 15 -783.301 -714.324
-31.3725 -66.6667 15 -764.29 -689.871
-31.3725 -62.7451 15 -744.596 -665.418
-31.3725 -58.8235 15 -720.504 -644.159
-31.3725 -54.902 15 -697.872 -619.867
-31.3725 -50.9804 15 -674.104 -596.71
-31.3725 -47.0588 15 -652.148 -574.599
-31.3725 -43.1373 15 -629.1 -549.965
-31.3725 -39.2157 15 -604.121 -527.27
-31.3725 -35.2941 15 -581.256 -496.915
-31.3725 -31.3725 15 -558.07 -465.929
-31.3725 -27.451 15 -534.123 -429.506
-31.3725 -23.5294 15 -504.307 -375.151
-31.3725 -19.6078 15 -474.533 -307.073
-31.3725 -15.6863 15 -440.974 -241.269
-31.3725 -11.7647 15 -399.857 -180.166
-31.3725 -7.84314 15 -335.944 -128.179
-31.3725 -3.92157 15 -267.986 -87.4923
-31.3725 0 15 -202.226 -60.6514
-31.3725 3.92157 15 -143.528 -46.7893
-31.3725 7.84314 15 -96.3363 -41.7597
-31.3725 11.7647 15 -65.1106 -37.0138
-31.3725 15.6863 15 -46.8493 -34.215
-31.3725 19.6078 0 -35.3703 -52.8144
-31.3725 23.5294 0 -25.2141 -89.9855
-31.3725 27.451 0 -17.9519 -133.624
-31.3725 31.3725 0 -44.9244 -182.92
-31.3725 35.2941 0 -73.1378 -243.768
-31.3725 39.2157 0 -111.223 -306.572
-31.3725 43.1373 0 -165.885 -349.274
-31.3725 47.0588 0 -220.507 -386.971
-31.3725 50.9804 0 -280.925 -417.215
-31.3725 54.902 0 -336.271 -449.007
-31.3725 58.8235 0 -377.158 -480.179
-31.3725 62.7451 0 -409.352 -510.956
-31.3725 66.6667 0 -439.903 -534.3
-31.3725 70.5882 0 -470.845 -558.571
-31.3725 74.5098 0 -502.625 -582.228
-31.3725 78.4314 0 -526.427 -604.646
-31.3725 82.3529 0 -550.059 -629.361
-31.3725 86.2745 0 -574.197 -652.178
-31.3725 90.1961 0 -597.856 -674.332
-31.3725 94.1176 0 -621.103 -698.623
-31.3725 98.0392 0 -644.694 -706.065
-27.451 -98.0392 15 -869.262 -846.893
-27.451 -94.1176 15 -867.178 -827.379
-27.451 -90.1961 15 -862.435 -806.448
-27.451 -86.2745 15 -857.915 -786.596
-27.451 -82.3529 15 -838.579 -768.365
-27.451 -78.4314 15 -818.31 -750.329
-27.451 -74.5098 15 -799.603 -729.693
-27.451 -70.5882 15 -778.874 -705.408
-27.451 -66.6667 15 -760.288 -681.638
-27.451 -62.7451 15 -736.892 -659.176
-27.451 -58.8235 15 -713.168 -636.148
-27.451 -54.902 15 -690.295 -612.222
-27.451 -50.9804 15 -666.375 -588.328
-27.451 -47.0588 15 -642.806 -566.628
-27.451 -43.1373 15 -619.949 -542.885
-27.451 -39.2157 15 -596.379 -516.15
-27.451 -35.2941 15 -573.855 -485.232
-27.451 -31.3725 15 -550.645 -456.156
-27.451 -27.451 15 -524.325 -415.082
-27.451 -23.5294 15 -493.267 -356.559
-27.451 -19.6078 15 -464.464 -287.743
-27.451 -15.6863 15 -427.229 -221.598
-27.451 -11.7647 15 -382.718 -162.544
-27.451 -7.84314 15 -316.155 -110.743
-27.451 -3.92157 15 -248.303 -77.1131
-27.451 0 15 -183.661 -55.155
-27.451 3.92157 15 -125.031 -35.4367
-27.451 7.84314 15 -81.7375 -40.4278
-27.451 11.7647 15 -53.0868 -23.5243
-27.451 15.6863 0 -36.7416 -38.8349
-27.451 19.6078 0 -31.9542 -63.3324
-27.451 23.5294 0 -16.5946 -97.7346
-27.451 27.451 0 -25.3097 -148.094
-27.451 31.3725 0 -48.9973 -201.523
-27.451 35.2941 0 -88.8415 -262.616
-27.451 39.2157 0 -128.037 -322.374
-27.451 43.1373 0 -183.639 -362.263
-27.451 47.0588 0 -239.492 -397.544
-27.451 50.9804 0 -300.124 -428.908
-27.451 54.902 0 -350.653 -459.25
-27.451 58.8235 0 -387.831 -491.235
-27.451 62.7451 0 -420.936 -517.682
-27.451 66.6667 0 -451.083 -541.612
-27.451 70.5882 0 -482.457 -565.915
-27.451 74.5098 0 -509.939 -588.92
-27.451 78.4314 0 -533.468 -613.331
-27.451 82.3529 0 -557.358 -636.297
-27.451 86.2745 0 -581.006 -660.333
-27.451 90.1961 0 -605.325 -683.713
-27.451 94.1176 0 -628.216 -706.401
-27.451 98.0392 0 -651.069 -713.58
-23.5294 -98.0392 15 -866.55 -842.262
-23.5294 -94.1176 15 -861.791 -823.492
-23.5294 -90.1961 15 -857.83 -803.326
-23.5294 -86.2745 15 -855.09 -782.687
-23.5294 -82.3529 15 -834.625 -764.139
-23.5294 -78.4314 15 -814.45 -745.615
-23.5294 -74.5098 15 -795.638 -720.469
-23.5294 -70.5882 15 -775.538 -698.508
-23.5294 -66.6667 15 -752.771 -673.892
-23.5294 -62.7451 15 -729.718 -651.206
-23.5294 -58.8235 15 -705.836 -629.358
-23.5294 -54.902 15 -681.886 -604.409
-23.5294 -50.9804 15 -659.547 -581.564
-23.5294 -47.0588 15 -636.623 -558.565
-23.5294 -43.1373 15 -613.162 -534.098
-23.5294 -39.2157 15 -588.746 -504.958
-23.5294 -35.2941 15 -565.111 -474.005
-23.5294 -31.3725 15 -542.181 -442.119
-23.5294 -27.451 15 -512.667 -399.821
-23.5294 -23.5294 15 -482.075 -336.103
-23.5294 -19.6078 15 -452.58 -268.63
-23.5294 -15.6863 15 -413.141 -202.64
-23.5294 -11.7647 15 -365.149 -143.742
-23.5294 -7.84314 15 -297.044 -96.6715
-23.5294 -3.92157 15 -229.127 -65.4063
-23.5294 0 15 -165.267 -47.1871
-23.5294 3.92157 15 -108.403 -35.7101
-23.5294 7.84314 15 -67.6888 -25.5749
-23.5294 11.7647 15 -37.1924 -18.3053
-23.5294 15.6863 0 -22.9104 -45.2792
-23.5294 19.6078 0 -23.3432 -73.5012
-23.5294 23.5294 0 -23.1995 -110.688
-23.5294 27.451 0 -33.4412 -165.626
-23.5294 31.3725 0 -58.5298 -220.533
-23.5294 35.2941 0 -105.199 -280.953
-23.5294 39.2157 0 -145.555 -335.985
-23.5294 43.1373 0 -201.096 -376.683
-23.5294 47.0588 0 -258.37 -408.756
-23.5294 50.9804 0 -318.926 -439.91
-23.5294 54.902 0 -364.534 -470.143
-23.5294 58.8235 0 -399.539 -502.595
-23.5294 62.7451 0 -431.267 -525.86
-23.5294 66.6667 0 -461.683 -549.746
-23.5294 70.5882 0 -493.078 -573.813
-23.5294 74.5098 0 -517.879 -596.724
-23.5294 78.4314 0 -541.729 -620.545
-23.5294 82.3529 0 -564.672 -643.26
-23.5294 86.2745 0 -589.428 -667.707
-23.5294 90.1961 0 -613.27 -690.477
-23.5294 94.1176 0 -636.434 -714.472
-23.5294 98.0392 0 -659.033 -722.186
-19.6078 -98.0392 15 -862.313 -838.98
-19.6078 -94.1176 15 -858.314 -819.651
-19.6078 -90.1961 15 -854.679 -800.102
-19.6078 -86.2745 15 -849.94 -779.756
-19.6078 -82.3529 15 -830.77 -761.351
-19.6078 -78.4314 15 -810.213 -738.815
-19.6078 -74.5098 15 -791.911 -713.638
-19.6078 -70.5882 15 -768.647 -691.342
-19.6078 -66.6667 15 -745.37 -667.392
-19.6078 -62.7451 15 -722.051 -643.453
-19.6078 -58.8235 15 -696.691 -620.438
-19.6078 -54.902 15 -675.142 -597.416
-19.6078 -50.9804 15 -650.921 -573.944
-19.6078 -47.0588 15 -627.621 -551.269
-19.6078 -43.1373 15 -605.22 -523.812
-19.6078 -39.2157 15 -580.823 -493.304
-19.6078 -35.2941 15 -557.644 -464.489
-19.6078 -31.3725 15 -532.093 -427.217
-19.6078 -27.451 15 -501.997 -382.797
-19.6078 -23.5294 15 -471.067 -316.296
-19.6078 -19.6078 15 -437.314 -248.482
-19.6078 -15.6863 15 -398.923 -184.124
-19.6078 -11.7647 15 -346.133 -125.393
-19.6078 -7.84314 15 -277.522 -82.0773
-19.6078 -3.92157 15 -209.753 -53.4357
-19.6078 0 15 -146.186 -37.0861
-19.6078 3.92157 15 -91.7411 -32.2891
-19.6078 7.84314 15 -50.2829 -16.9323
-19.6078 11.7647 15 -30.7584 -25.6388
-19.6078 15.6863 0 -21.9834 -49.3416
-19.6078 19.6078 0 -11.9843 -88.4875
-19.6078 23.5294 0 -24.9526 -127.734
-19.6078 27.451 0 -46.6582 -183.27
-19.6078 31.3725 0 -71.241 -238.839
-19.6078 35.2941 0 -120.222 -300.181
-19.6078 39.2157 0 -163.6 -350.184
-19.6078 43.1373 0 -218.746 -387.67
-19.6078 47.0588 0 -277.084 -420.736
-19.6078 50.9804 0 -338.205 -450.574
-19.6078 54.902 0 -378.469 -482.074
-19.6078 58.8235 0 -410.404 -509.538
-19.6078 62.7451 0 -443.522 -532.771
-19.6078 66.6667 0 -473.046 -556.905
-19.6078 70.5882 0 -500.716 -580.954
-19.6078 74.5098 0 -524.418 -604.549
-19.6078 78.4314 0 -548.489 -628.2
-19.6078 82.3529 0 -572.73 -652.01
-19.6078 86.2745 0 -596.402 -675.699
-19.6078 90.1961 0 -620.865 -698.308
-19.6078 94.1176 0 -643.699 -721.355
-19.6078 98.0392 0 -666.557 -730.651
-15.6863 -98.0392 15 -858.282 -834.518
-15.6863 -94.1176 15 -855.109 -815.158
-15.6863 -90.1961 15 -850.798 -796.298
-15.6863 -86.2745 15 -847.034 -776.191
-15.6863 -82.3529 15 -827.199 -753.43
-15.6863 -78.4314 15 -807.099 -730.446
-15.6863 -74.5098 15 -783.125 -705.983
-15.6863 -70.5882 15 -759.982 -682.933
-15.6863 -66.6667 15 -737.9 -660.138
-15.6863 -62.7451 15 -714.156 -636.644
-15.6863 -58.8235 15 -691.144 -612.626
-15.6863 -54.902 15 -666.959 -589.676
-15.6863 -50.9804 15 -644.031 -566.146
-15.6863 -47.0588 15 -620.531 -543.624
-15.6863 -43.1373 15 -596.887 -512.588
-15.6863 -39.2157 15 -573.934 -483.101
-15.6863 -35.2941 15 -550.66 -453.401
-15.6863 -31.3725 15 -520.145 -413.325
-15.6863 -27.451 15 -490.803 -365.674
-15.6863 -23.5294 15 -459.581 -297.333
-15.6863 -19.6078 15 -423.933 -229.427
-15.6863 -15.6863 15 -382.745 -165.404
-15.6863 -11.7647 15 -326.415 -108.723
-15.6863 -7.84314 15 -258.143 -68.0181
-15.6863 -3.92157 15 -190.345 -37.5398
-15.6863 0 15 -127.183 -23.2476
-15.6863 3.92157 15 -75.9054 -23.6855
-15.6863 7.84314 15 -39.2909 -23.5578
-15.6863 11.7647 0 -29.1458 -33.7922
-15.6863 15.6863 0 -25.7327 -58.1468
-15.6863 19.6078 0 -17.2837 -104.905
-15.6863 23.5294 0 -26.1169 -145.218
-15.6863 27.451 0 -62.4794 -201.045
-15.6863 31.3725 0 -86.3916 -257.825
-15.6863 35.2941 0 -135.892 -318.704
-15.6863 39.2157 0 -182.602 -364.118
-15.6863 43.1373 0 -235.97 -399.095
-15.6863 47.0588 0 -296.177 -430.972
-15.6863 50.9804 0 -352.446 -461.88
-15.6863 54.902 0 -389.108 -492.784
-15.6863 58.8235 0 -421.639 -517.326
-15.6863 62.7451 0 -453.53 -541.146
-15.6863 66.6667 0 -483.773 -564.993
-15.6863 70.5882 0 -508.455 -588.85
-15.6863 74.5098 0 -532.471 -612.369
-15.6863 78.4314 0 -556.638 -636.026
-15.6863 82.3529 0 -580.803 -658.701
-15.6863 86.2745 0 -604.189 -683.013
-15.6863 90.1961 0 -627.049 -706.058
-15.6863 94.1176 0 -651.516 -730.629
-15.6863 98.0392 0 -674.547 -738.033
-11.7647 -98.0392 15 -853.938 -830.918
-11.7647 -94.1176 15 -851.045 -811.898
-11.7647 -90.1961 15 -847.061 -791.903
-11.7647 -86.2745 15 -843.196 -769.426
-11.7647 -82.3529 15 -823.132 -746.372
-11.7647 -78.4314 15 -800.063 -722.495
-11.7647 -74.5098 15 -775.037 -698.542
-11.7647 -70.5882 15 -752.057 -675.867
-11.7647 -66.6667 15 -730.255 -651.729
-11.7647 -62.7451 15 -706.329 -628.728
-11.7647 -58.8235 15 -682.014 -605.977
-11.7647 -54.902 15 -658.763 -582.327
-11.7647 -50.9804 15 -635.69 -558.344
-11.7647 -47.0588 15 -612.907 -531.897
-11.7647 -43.1373 15 -589.402 -502.5
-11.7647 -39.2157 15 -565.758 -471.585
-11.7647 -35.2941 15 -539.872 -438.014
-11.7647 -31.3725 15 -510.268 -399.748
-11.7647 -27.451 15 -479.177 -346.75
-11.7647 -23.5294 15 -448.777 -277.596
-11.7647 -19.6078 15 -410.16 -210.172
-11.7647 -15.6863 15 -366.587 -146.334
-11.7647 -11.7647 15 -306.829 -92.1077
-11.7647 -7.84314 15 -238.099 -50.6136
-11.7647 -3.92157 15 -171.225 -31.0871
-11.7647 0 15 -108.936 -22.3349
-11.7647 3.92157 15 -57.5073 -12.3072
-11.7647 7.84314 15 -32.7385 -25.338
-11.7647 11.7647 0 -15.6921 -46.3487
-11.7647 15.6863 0 -13.6581 -70.9185
-11.7647 19.6078 0 -27.2162 -119.866
-11.7647 23.5294 0 -34.595 -163.345
-11.7647 27.451 0 -75.9888 -218.493
-11.7647 31.3725 0 -104.72 -276.676
-11.7647 35.2941 0 -152.001 -337.773
-11.7647 39.2157 0 -201.249 -378.164
-11.7647 43.1373 0 -254.697 -409.679
-11.7647 47.0588 0 -315.166 -442.579
-11.7647 50.9804 0 -366.104 -473.474
-11.7647 54.902 0 -400.462 -499.833
-11.7647 58.8235 0 -431.783 -525.208
-11.7647 62.7451 0 -464.503 -548.638
-11.7647 66.6667 0 -492.236 -572.186
-11.7647 70.5882 0 -516.478 -596.1
-11.7647 74.5098 0 -540.757 -620.242
-11.7647 78.4314 0 -564.187 -642.723
-11.7647 82.3529 0 -588.422 -665.824
-11.7647 86.2745 0 -611.517 -689.968
-11.7647 90.1961 0 -635.843 -712.866
-11.7647 94.1176 0 -659.061 -737.018
-11.7647 98.0392 0 -683.135 -744.514
-7.84314 -98.0392 15 -850.772 -827.053
-7.84314 -94.1176 15 -846.456 -807.829
-7.84314 -90.1961 15 -842.223 -783.712
-7.84314 -86.2745 15 -838.647 -760.568
-7.84314 -82.3529 15 -815.726 -737.254
-7.84314 -78.4314 15 -792.139 -714.081
-7.84314 -74.5098 15 -767.16 -690.78
-7.84314 -70.5882 15 -745.657 -667.43
-7.84314 -66.6667 15 -722.275 -643.608
-7.84314 -62.7451 15 -699.634 -620.874
-7.84314 -58.8235 15 -675.573 -597.924
-7.84314 -54.902 15 -652.118 -573.839
-7.84314 -50.9804 15 -627.405 -550.17
-7.84314 -47.0588 15 -606.018 -520.245
-7.84314 -43.1373 15 -582.109 -491.605
-7.84314 -39.2157 15 -558.086 -460.013
-7.84314 -35.2941 15 -529.073 -424.407
-7.84314 -31.3725 15 -498.896 -383.439
-7.84314 -27.451 15 -468.508 -326.855
-7.84314 -23.5294 15 -435.66 -258.461
-7.84314 -19.6078 15 -396.168 -190.743
-7.84314 -15.6863 15 -350.846 -127.484
-7.84314 -11.7647 15 -287.041 -76.302
-7.84314 -7.84314 15 -219.17 -39.6102
-7.84314 -3.92157 15 -152.084 -29.4944
-7.84314 0 15 -90.9696 -26.1135
-7.84314 3.92157 15 -43.1346 -17.6091
-7.84314 7.84314 0 -17.7383 -25.7699
-7.84314 11.7647 0 -9.8352 -62.1432
-7.84314 15.6863 0 -11.2516 -86.0217
-7.84314 19.6078 0 -35.5345 -135.588
-7.84314 23.5294 0 -50.9902 -182.199
-7.84314 27.451 0 -88.5484 -235.932
-7.84314 31.3725 0 -123.35 -295.941
-7.84314 35.2941 0 -167.439 -351.971
-7.84314 39.2157 0 -219.761 -388.981
-7.84314 43.1373 0 -273.087 -421.226
-7.84314 47.0588 0 -333.768 -453.464
-7.84314 50.9804 0 -379.749 -483.622
-7.84314 54.902 0 -411.701 -508.353
-7.84314 58.8235 0 -443.504 -532.009
-7.84314 62.7451 0 -475.555 -556.293
-7.84314 66.6667 0 -499.536 -580.14
-7.84314 70.5882 0 -523.457 -603.567
-7.84314 74.5098 0 -548.749 -626.868
-7.84314 78.4314 0 -572.471 -651.391
-7.84314 82.3529 0 -595.443 -675.051
-7.84314 86.2745 0 -619.775 -698.54
-7.84314 90.1961 0 -642.443 -721.22
-7.84314 94.1176 0 -667.04 -744.124
-7.84314 98.0392 0 -690.507 -751.903
-3.92157 -98.0392 15 -846.55 -823.564
-3.92157 -94.1176 15 -842.503 -798.91
-3.92157 -90.1961 15 -838.309 -776.744
-3.92157 -86.2745 15 -831.082 -752.602
-3.92157 -82.3529 15 -807.443 -730.726
-3.92157 -78.4314 15 -783.09 -706.039
-3.92157 -74.5098 15 -759.449 -682.359
-3.92157 -70.5882 15 -738.359 -660.17
-3.92157 -66.6667 15 -716.024 -636.551
-3.92157 -62.7451 15 -690.887 -613.445
-3.92157 -58.8235 15 -667.008 -589.844
-3.92157 -54.902 15 -644.876 -565.961
-3.92157 -50.9804 15 -621.085 -539.685
-3.92157 -47.0588 15 -597.54 -510.746
-3.92157 -43.1373 15 -575.149 -479.14
-3.92157 -39.2157 15 -548.371 -449.14
-3.92157 -35.2941 15 -517.357 -410.756
-3.92157 -31.3725 15 -487.248 -367.046
-3.92157 -27.451 15 -457.298 -307.576
-3.92157 -23.5294 15 -421.4 -238.661
-3.92157 -19.6078 15 -382.92 -171.6
-3.92157 -15.6863 15 -333.795 -109.321
-3.92157 -11.7647 15 -267.106 -57.8417
-3.92157 -7.84314 15 -199.199 -33.0359
-3.92157 -3.92157 15 -133.008 -16.0471
-3.92157 0 15 -73.6204 -13.986
-3.92157 3.92157 15 -32.2477 -26.832
-3.92157 7.84314 0 -9.12085 -34.2493
-3.92157 11.7647 0 -22.9771 -75.6324
-3.92157 15.6863 0 -25.0025 -104.378
-3.92157 19.6078 0 -47.2428 -151.6
-3.92157 23.5294 0 -68.3069 -200.857
-3.92157 27.451 0 -101.448 -254.635
-3.92157 31.3725 0 -141.804 -314.772
-3.92157 35.2941 0 -183.204 -365.377
-3.92157 39.2157 0 -237.297 -400.104
-3.92157 43.1373 0 -291.054 -431.983
-3.92157 47.0588 0 -352.378 -464.282
-3.92157 50.9804 0 -391.452 -491.662
-3.92157 54.902 0 -422.779 -516.454
-3.92157 58.8235 0 -455.08 -540.867
-3.92157 62.7451 0 -483.389 -563.086
-3.92157 66.6667 0 -507.708 -588.289
-3.92157 70.5882 0 -531.173 -611.433
-3.92157 74.5098 0 -555.663 -635.531
-3.92157 78.4314 0 -580.186 -659.02
-3.92157 82.3529 0 -602.628 -682.205
-3.92157 86.2745 0 -627.059 -705.793
-3.92157 90.1961 0 -651.071 -729.212
-3.92157 94.1176 0 -674.634 -753.132
-3.92157 98.0392 0 -698.669 -759.639
0 -98.0392 15 -842.661 -816.41
0 -94.1176 15 -839.312 -792.762
0 -90.1961 15 -832.074 -767.727
0 -86.2745 15 -823.259 -745.36
0 -82.3529 15 -799.065 -723.701
0 -78.4314 15 -776.326 -699.977
0 -74.5098 15 -753.521 -676.217
0 -70.5882 15 -731.162 -652.667
0 -66.6667 15 -707.334 -628.425
0 -62.7451 15 -683.992 -605.806
0 -58.8235 15 -660.459 -582.598
0 -54.902 15 -636.454 -559.039
0 -50.9804 15 -613.702 -529.228
0 -47.0588 15 -590.495 -497.985
0 -43.1373 15 -567.269 -468.928
0 -39.2157 15 -536.479 -436.024
0 -35.2941 15 -506.79 -396.318
0 -31.3725 15 -476.248 -351.32
0 -27.451 15 -446.914 -288.005
0 -23.5294 15 -407.841 -219.347
0 -19.6078 15 -367.7 -152.385
0 -15.6863 15 -314.716 -91.3043
0 -11.7647 15 -248.095 -43.4686
0 -7.84314 15 -180.252 -18.0943
0 -3.92157 15 -113.743 -10.1888
0 0 15 -54.5903 -10.8975
0 3.92157 0 -15.8875 -35.2051
0 7.84314 0 -20.9273 -50.654
0 11.7647 0 -30.2174 -88.1905
0 15.6863 0 -39.0499 -122.971
0 19.6078 0 -57.6193 -167.034
0 23.5294 0 -85.2969 -219.091
0 27.451 0 -114.299 -272.72
0 31.3725 0 -159.45 -333.253
0 35.2941 0 -200.002 -379.704
0 39.2157 0 -255.212 -411.338
0 43.1373 0 -309.91 -442.599
0 47.0588 0 -366.187 -475.483
0 50.9804 0 -402.348 -499.095
0 54.902 0 -433.181 -523.882
0 58.8235 0 -464.669 -548.007
0 62.7451 0 -490.997 -571.371
0 66.6667 0 -515.102 -594.758
0 70.5882 0 -539.319 -619.042
0 74.5098 0 -563.619 -642.237
0 78.4314 0 -587.029 -665.837
0 82.3529 0 -610.267 -689.386
0 86.2745 0 -634.807 -712.857
0 90.1961 0 -658.012 -736.695
0 94.1176 0 -681.896 -759.302
0 98.0392 0 -705.255 -763.417
3.92157 -98.0392 15 -838.757 -806.663
3.92157 -94.1176 15 -830.976 -784.741
3.92157 -90.1961 15 -822.082 -760.921
3.92157 -86.2745 15 -815.852 -737.959
3.92157 -82.3529 15 -791.482 -715.456
3.92157 -78.4314 15 -769.04 -692.009
3.92157 -74.5098 15 -744.562 -667.025
3.92157 -70.5882 15 -721.968 -645.268
3.92157 -66.6667 15 -699.136 -620.962
3.92157 -62.7451 15 -676.295 -597.881
3.92157 -58.8235 15 -652.83 -575.616
3.92157 -54.902 15 -628.597 -547.959
3.92157 -50.9804 15 -605.186 -518.04
3.92157 -47.0588 15 -581.595 -487.318
3.92157 -43.1373 15 -555.747 -458.25
3.92157 -39.2157 15 -525.317 -421.649
3.92157 -35.2941 15 -494.861 -383.308
3.92157 -31.3725 15 -465.869 -334.345
3.92157 -27.451 15 -431.883 -268.066
3.92157 -23.5294 15 -394.22 -199.621
3.92157 -19.6078 15 -350.59 -133.134
3.92157 -15.6863 15 -296.74 -73.9219
3.92157 -11.7647 15 -228.223 -32.567
3.92157 -7.84314 15 -160.56 -9.45187
3.92157 -3.92157 15 -94.5769 -22.6344
3.92157 0 15 -37.9604 -24.7032
3.92157 3.92157 0 -10.3472 -46.9237
3.92157 7.84314 0 -30.4889 -67.9834
3.92157 11.7647 0 -27.1204 -100.986
3.92157 15.6863 0 -51.5009 -141.457
3.92157 19.6078 0 -64.6736 -182.865
3.92157 23.5294 0 -102.043 -237.018
3.92157 27.451 0 -126.856 -290.86
3.92157 31.3725 0 -175.287 -352.306
3.92157 35.2941 0 -217.503 -390.95
3.92157 39.2157 0 -273.359 -422.317
3.92157 43.1373 0 -328.663 -453.951
3.92157 47.0588 0 -380.55 -482.923
3.92157 50.9804 0 -412.917 -506.711
3.92157 54.902 0 -444.229 -531.197
3.92157 58.8235 0 -472.883 -555.461
3.92157 62.7451 0 -497.814 -579.282
3.92157 66.6667 0 -522.384 -602.243
3.92157 70.5882 0 -546.7 -627.001
3.92157 74.5098 0 -571.205 -650.277
3.92157 78.4314 0 -594.32 -673.708
3.92157 82.3529 0 -617.978 -698.393
3.92157 86.2745 0 -643.025 -721.152
3.92157 90.1961 0 -665.69 -743.923
3.92157 94.1176 0 -689.147 -763.458
3.92157 98.0392 0 -713.531 -767.057
7.84314 -98.0392 15 -831.293 -799.776
7.84314 -94.1176 15 -823.832 -776.218
7.84314 -90.1961 15 -815.455 -753.443
7.84314 -86.2745 15 -807.152 -730.128
7.84314 -82.3529 15 -784.74 -707.145
7.84314 -78.4314 15 -760.377 -683.731
7.84314 -74.5098 15 -737.163 -661.127
7.84314 -70.5882 15 -715.337 -637.564
7.84314 -66.6667 15 -691.752 -613.3
7.84314 -62.7451 15 -669.025 -589.887
7.84314 -58.8235 15 -644.327 -567.355
7.84314 -54.902 15 -621.571 -537.83
7.84314 -50.9804 15 -597.187 -506.974
7.84314 -47.0588 15 -573.779 -476.888
7.84314 -43.1373 15 -545.232 -446.971
7.84314 -39.2157 15 -514.424 -407.829
7.84314 -35.2941 15 -484.757 -368.01
7.84314 -31.3725 15 -454.4 -315.31
7.84314 -27.451 15 -418.287 -248.893
7.84314 -23.5294 15 -380.055 -180.525
7.84314 -19.6078 15 -333.644 -113.902
7.84314 -15.6863 15 -278.207 -54.9737
7.84314 -11.7647 15 -208.846 -16.221
7.84314 -7.84314 15 -140.802 -20.6069
7.84314 -3.92157 15 -75.89 -29.9284
7.84314 0 0 -29.5609 -38.6951
7.84314 3.92157 0 -22.7986 -57.2399
7.84314 7.84314 0 -33.5449 -84.9424
7.84314 11.7647 0 -30.9924 -113.863
7.84314 15.6863 0 -65.5376 -159.065
7.84314 19.6078 0 -73.1274 -199.955
7.84314 23.5294 0 -116.724 -254.846
7.84314 27.451 0 -141.676 -309.797
7.84314 31.3725 0 -191.386 -365.903
7.84314 35.2941 0 -234.939 -402.36
7.84314 39.2157 0 -290.348 -433.142
7.84314 43.1373 0 -347.322 -465.045
7.84314 47.0588 0 -391.07 -490.656
7.84314 50.9804 0 -424.712 -515.086
7.84314 54.902 0 -455.794 -538.924
7.84314 58.8235 0 -480.351 -563.744
7.84314 62.7451 0 -506.584 -586.522
7.84314 66.6667 0 -530.861 -610.168
7.84314 70.5882 0 -554.007 -634.57
7.84314 74.5098 0 -578.744 -657.944
7.84314 78.4314 0 -602.094 -682.199
7.84314 82.3529 0 -626.319 -704.802
7.84314 86.2745 0 -649.919 -728.683
7.84314 90.1961 0 -673.483 -747.596
7.84314 94.1176 0 -697.296 -767.459
7.84314 98.0392 0 -717.349 -770.86
11.7647 -98.0392 15 -822.954 -793.543
11.7647 -94.1176 15 -814.796 -769.661
11.7647 -90.1961 15 -808.134 -743.636
11.7647 -86.2745 15 -800.456 -723.731
11.7647 -82.3529 15 -777.108 -700.304
11.7647 -78.4314 15 -754.002 -676.434
11.7647 -74.5098 15 -729.994 -652.817
11.7647 -70.5882 15 -706.812 -628.184
11.7647 -66.6667 15 -683.776 -605.763
11.7647 -62.7451 15 -660.674 -582.335
11.7647 -58.8235 15 -636.854 -555.678
11.7647 -54.902 15 -613.243 -526.108
11.7647 -50.9804 15 -590.87 -494.989
11.7647 -47.0588 15 -563.146 -465.379
11.7647 -43.1373 15 -533.119 -431.943
11.7647 -39.2157 15 -502.966 -394.911
11.7647 -35.2941 15 -473.447 -350.595
11.7647 -31.3725 15 -442.713 -297.034
11.7647 -27.451 15 -405.094 -228.424
11.7647 -23.5294 15 -366.197 -160.757
11.7647 -19.6078 15 -318.647 -95.0061
11.7647 -15.6863 15 -258.506 -38.292
11.7647 -11.7647 15 -189.405 -10.0115
11.7647 -7.84314 15 -121.412 -30.1237
11.7647 -3.92157 15 -63.2947 -26.7684
11.7647 0 0 -19.8234 -51.1358
11.7647 3.92157 0 -34.6406 -64.2633
11.7647 7.84314 0 -41.8356 -101.604
11.7647 11.7647 0 -46.1105 -126.558
11.7647 15.6863 0 -77.1597 -175.312
11.7647 19.6078 0 -85.3787 -216.998
11.7647 23.5294 0 -130.257 -273.199
11.7647 27.451 0 -157.133 -328.432
11.7647 31.3725 0 -208.205 -380.144
11.7647 35.2941 0 -253.091 -412.829
11.7647 39.2157 0 -308.588 -444.15
11.7647 43.1373 0 -365.782 -472.473
11.7647 47.0588 0 -402.563 -498.337
11.7647 50.9804 0 -435.548 -522.255
11.7647 54.902 0 -463.268 -545.846
11.7647 58.8235 0 -488.495 -571.282
11.7647 62.7451 0 -513.826 -594.449
11.7647 66.6667 0 -537.836 -618.216
11.7647 70.5882 0 -561.906 -642.397
11.7647 74.5098 0 -585.79 -665.456
11.7647 78.4314 0 -610.895 -688.832
11.7647 82.3529 0 -633.522 -712.635
11.7647 86.2745 0 -658.124 -731.044
11.7647 90.1961 0 -681.398 -751.354
11.7647 94.1176 0 -700.205 -771.185
11.7647 98.0392 0 -720.575 -774.787
15.6863 -98.0392 15 -815.638 -786.663
15.6863 -94.1176 15 -807.661 -760.756
15.6863 -90.1961 15 -799.918 -737.772
15.6863 -86.2745 15 -792.55 -715.148
15.6863 -82.3529 15 -769.462 -692.631
15.6863 -78.4314 15 -744.824 -669.492
15.6863 -74.5098 15 -722.447 -644.796
15.6863 -70.5882 15 -699.836 -621.61
15.6863 -66.6667 15 -676.763 -597.374
15.6863 -62.7451 15 -653.276 -574.545
15.6863 -58.8235 15 -629.496 -544.849
15.6863 -54.902 15 -606.236 -514.68
15.6863 -50.9804 15 -583.206 -485.098
15.6863 -47.0588 15 -552.02 -455.003
15.6863 -43.1373 15 -523.478 -418.592
15.6863 -39.2157 15 -492.598 -380.173
15.6863 -35.2941 15 -461.749 -333.971
15.6863 -31.3725 15 -429.959 -278.295
15.6863 -27.451 15 -390.256 -208.917
15.6863 -23.5294 15 -348.935 -141.391
15.6863 -19.6078 15 -300.23 -76.1671
15.6863 -15.6863 15 -239.083 -29.2425
15.6863 -11.7647 15 -170.028 -22.4566
15.6863 -7.84314 15 -107.734 -33.2038
15.6863 -3.92157 15 -51.8143 -30.6461
15.6863 0 0 -18.7155 -65.2851
15.6863 3.92157 0 -42.9897 -72.7732
15.6863 7.84314 0 -51.8446 -116.459
15.6863 11.7647 0 -62.0037 -141.278
15.6863 15.6863 0 -87.0756 -191.239
15.6863 19.6078 0 -102.897 -234.57
15.6863 23.5294 0 -143.852 -289.975
15.6863 27.451 0 -174.251 -347.148
15.6863 31.3725 0 -223.946 -391.032
15.6863 35.2941 0 -271.187 -423.875
15.6863 39.2157 0 -325.377 -455.048
15.6863 43.1373 0 -380.008 -480.302
15.6863 47.0588 0 -413.504 -506.142
15.6863 50.9804 0 -446.382 -530.12
15.6863 54.902 0 -470.758 -553.943
15.6863 58.8235 0 -496.01 -578.257
15.6863 62.7451 0 -521.578 -601.96
15.6863 66.6667 0 -545.68 -626.015
15.6863 70.5882 0 -570.347 -649.766
15.6863 74.5098 0 -594.435 -673.093
15.6863 78.4314 0 -618.611 -696.878
15.6863 82.3529 0 -641.945 -716.379
15.6863 86.2745 0 -665.404 -735.955
15.6863 90.1961 0 -685.086 -755.739
15.6863 94.1176 0 -704.33 -774.626
15.6863 98.0392 0 -724.67 -779.594
19.6078 -98.0392 15 -807.649 -777.079
19.6078 -94.1176 15 -800.251 -754.891
19.6078 -90.1961 15 -792.786 -730.283
19.6078 -86.2745 15 -785.118 -706.056
19.6078 -82.3529 15 -762.466 -683.984
19.6078 -78.4314 15 -738.532 -660.581
19.6078 -74.5098 15 -714.266 -637.981
19.6078 -70.5882 15 -691.904 -614.231
19.6078 -66.6667 15 -668.777 -590.731
19.6078 -62.7451 15 -645.095 -563.912
19.6078 -58.8235 15 -622.168 -533.926
19.6078 -54.902 15 -598.512 -503.371
19.6078 -50.9804 15 -571.972 -472.611
19.6078 -47.0588 15 -541.52 -443.603
19.6078 -43.1373 15 -510.864 -404.735
19.6078 -39.2157 15 -481.527 -366.26
19.6078 -35.2941 15 -451.418 -318.695
19.6078 -31.3725 15 -415.035 -258.302
19.6078 -27.451 15 -377.351 -190.167
19.6078 -23.5294 15 -333.004 -121.769
19.6078 -19.6078 15 -283.822 -62.9173
19.6078 -15.6863 15 -218.778 -19.4651
19.6078 -11.7647 15 -155.789 -34.2909
19.6078 -7.84314 15 -96.4079 -41.5143
19.6078 -3.92157 0 -41.5245 -45.7672
19.6078 0 0 -32.4895 -76.804
19.6078 3.92157 0 -54.6898 -85.0417
19.6078 7.84314 0 -53.5738 -130.022
19.6078 11.7647 0 -77.1299 -156.793
19.6078 15.6863 0 -97.253 -207.664
19.6078 19.6078 0 -121.02 -252.438
19.6078 23.5294 0 -157.743 -308.212
19.6078 27.451 0 -192.774 -365.353
19.6078 31.3725 0 -239.557 -401.914
19.6078 35.2941 0 -289.146 -434.696
19.6078 39.2157 0 -344.106 -462.501
19.6078 43.1373 0 -390.588 -488.154
19.6078 47.0588 0 -424.243 -513.59
19.6078 50.9804 0 -454.197 -537.296
19.6078 54.902 0 -479.289 -561.651
19.6078 58.8235 0 -503.721 -585.968
19.6078 62.7451 0 -529.129 -610.332
19.6078 66.6667 0 -553.803 -633.595
19.6078 70.5882 0 -576.759 -657.263
19.6078 74.5098 0 -602.356 -680.982
19.6078 78.4314 0 -625.23 -700.447
19.6078 82.3529 0 -649.741 -720.279
19.6078 86.2745 0 -669.293 -740.034
19.6078 90.1961 0 -689.515 -759.541
19.6078 94.1176 0 -708.809 -778.514
19.6078 98.0392 0 -729.167 -781.933
23.5294 -98.0392 15 -801.006 -769.741
23.5294 -94.1176 15 -792.369 -746.224
23.5294 -90.1961 15 -785.615 -722.713
23.5294 -86.2745 15 -776.896 -700.111
23.5294 -82.3529 15 -753.555 -676.851
23.5294 -78.4314 15 -731.983 -654.048
23.5294 -74.5098 15 -707.415 -629.618
23.5294 -70.5882 15 -682.706 -605.346
23.5294 -66.6667 15 -660.813 -584.549
23.5294 -62.7451 15 -636.496 -552.684
23.5294 -58.8235 15 -613.81 -523.635
23.5294 -54.902 15 -591.136 -493.041
23.5294 -50.9804 15 -560.463 -463.987
23.5294 -47.0588 15 -530.577 -430.568
23.5294 -43.1373 15 -499.472 -390.923
23.5294 -39.2157 15 -470.486 -349.115
23.5294 -35.2941 15 -440.787 -300.845
23.5294 -31.3725 15 -402.271 -239.277
23.5294 -27.451 15 -362.699 -169.891
23.5294 -23.5294 15 -317.339 -107.519
23.5294 -19.6078 15 -266.131 -51.5106
23.5294 -15.6863 15 -204.457 -18.3766
23.5294 -11.7647 15 -144.609 -42.6328
23.5294 -7.84314 15 -84.5871 -51.4808
23.5294 -3.92157 0 -37.6667 -61.6676
23.5294 0 0 -46.4881 -86.7775
23.5294 3.92157 0 -64.9608 -102.534
23.5294 7.84314 0 -56.6939 -143.548
23.5294 11.7647 0 -92.8312 -173.901
23.5294 15.6863 0 -106.709 -223.628
23.5294 19.6078 0 -138.833 -270.843
23.5294 23.5294 0 -170.303 -325.215
23.5294 27.451 0 -211.435 -379.677
23.5294 31.3725 0 -255.215 -413.112
23.5294 35.2941 0 -307.344 -446.524
23.5294 39.2157 0 -362.494 -470.891
23.5294 43.1373 0 -402.134 -495.936
23.5294 47.0588 0 -435.064 -520.851
23.5294 50.9804 0 -461.324 -545.103
23.5294 54.902 0 -485.407 -569.393
23.5294 58.8235 0 -510.769 -593.706
23.5294 62.7451 0 -536.419 -617.751
23.5294 66.6667 0 -560.854 -640.962
23.5294 70.5882 0 -585.176 -665.248
23.5294 74.5098 0 -609.383 -684.988
23.5294 78.4314 0 -632.342 -704.215
23.5294 82.3529 0 -652.621 -724.011
23.5294 86.2745 0 -673.53 -744.108
23.5294 90.1961 0 -693.126 -763.159
23.5294 94.1176 0 -712.342 -782.505
23.5294 98.0392 0 -732.295 -786.216
27.451 -98.0392 15 -793.31 -762.279
27.451 -94.1176 15 -785.233 -738.901
27.451 -90.1961 15 -778.136 -715.423
27.451 -86.2745 15 -769.417 -691.888
27.451 -82.3529 15 -746.48 -669.511
27.451 -78.4314 15 -722.91 -645.624
27.451 -74.5098 15 -698.176 -623.312
27.451 -70.5882 15 -675.396 -598.995
27.451 -66.6667 15 -653.881 -572.035
27.451 -62.7451 15 -630.077 -541.077
27.451 -58.8235 15 -606.726 -510.98
27.451 -54.902 15 -578.839 -481.602
27.451 -50.9804 15 -548.591 -451.513
27.451 -47.0588 15 -518.56 -415.871
27.451 -43.1373 15 -489.463 -376.404
27.451 -39.2157 15 -458.778 -333.839
27.451 -35.2941 15 -426.279 -284.065
27.451 -31.3725 15 -388.316 -219.388
27.451 -27.451 15 -349.37 -155.653
27.451 -23.5294 15 -301.488 -96.1079
27.451 -19.6078 15 -253.252 -41.1683
27.451 -15.6863 15 -194.063 -32.1509
27.451 -11.7647 15 -132.617 -54.3731
27.451 -7.84314 15 -73.306 -53.2326
27.451 -3.92157 0 -34.5672 -76.8613
27.451 0 0 -58.8759 -96.8902
27.451 3.92157 0 -71.3563 -120.692
27.451 7.84314 0 -65.1302 -157.308
27.451 11.7647 0 -106.065 -192.391
27.451 15.6863 0 -115.009 -239.563
27.451 19.6078 0 -155.955 -288.798
27.451 23.5294 0 -183.177 -343.779
27.451 27.451 0 -228.963 -390.275
27.451 31.3725 0 -272.255 -424.121
27.451 35.2941 0 -326.465 -453.49
27.451 39.2157 0 -381.258 -478.053
27.451 43.1373 0 -413.484 -503.047
27.451 47.0588 0 -442.537 -528.652
27.451 50.9804 0 -469.125 -553.498
27.451 54.902 0 -493.518 -577.28
27.451 58.8235 0 -519.101 -601.637
27.451 62.7451 0 -544.138 -625.153
27.451 66.6667 0 -569.259 -648.721
27.451 70.5882 0 -593.047 -669.566
27.451 74.5098 0 -617.397 -689.241
27.451 78.4314 0 -636.996 -708.449
27.451 82.3529 0 -656.543 -728.006
27.451 86.2745 0 -677.273 -747.835
27.451 90.1961 0 -697.147 -767.374
27.451 94.1176 0 -716.622 -787.029
27.451 98.0392 0 -736.318 -791.025
31.3725 -98.0392 15 -785.501 -754.971
31.3725 -94.1176 15 -777.494 -731.849
31.3725 -90.1961 15 -769.32 -707.518
31.3725 -86.2745 15 -761.323 -683.792
31.3725 -82.3529 15 -739.647 -661.174
31.3725 -78.4314 15 -715.753 -637.828
31.3725 -74.5098 15 -692.592 -613.957
31.3725 -70.5882 15 -669.198 -591.429
31.3725 -66.6667 15 -645.681 -560.979
31.3725 -62.7451 15 -623.637 -531.485
31.3725 -58.8235 15 -598.828 -500.621
31.3725 -54.902 15 -568.412 -470.483
31.3725 -50.9804 15 -538.619 -440.669
31.3725 -47.0588 15 -508.595 -402.127
31.3725 -43.1373 15 -478.008 -363.599
31.3725 -39.2157 15 -447.888 -316.946
31.3725 -35.2941 15 -412.54 -265.662
31.3725 -31.3725 15 -372.829 -204.83
31.3725 -27.451 15 -332.464 -144.036
31.3725 -23.5294 15 -291.129 -84.2383
31.3725 -19.6078 15 -241.283 -37.334
31.3725 -15.6863 15 -180.977 -46.1969
31.3725 -11.7647 15 -121.121 -64.5744
31.3725 -7.84314 15 -66.9995 -56.3583
31.3725 -3.92157 0 -38.4712 -92.4535
31.3725 0 0 -72.9723 -106.423
31.3725 3.92157 0 -78.6463 -138.441
31.3725 7.84314 0 -81.5219 -170.104
31.3725 11.7647 0 -117.798 -211.045
31.3725 15.6863 0 -126.456 -254.749
31.3725 19.6078 0 -170.777 -307.042
31.3725 23.5294 0 -197.831 -362.445
31.3725 27.451 0 -246.091 -401.53
31.3725 31.3725 0 -289.836 -434.585
31.3725 35.2941 0 -344.725 -461.236
31.3725 39.2157 0 -391.948 -485.712
31.3725 43.1373 0 -424.072 -510.687
31.3725 47.0588 0 -450.505 -536.385
31.3725 50.9804 0 -476.854 -560.189
31.3725 54.902 0 -501.484 -584.542
31.3725 58.8235 0 -526.428 -608.75
31.3725 62.7451 0 -551.869 -632.666
31.3725 66.6667 0 -576.344 -652.992
31.3725 70.5882 0 -599.945 -673.352
31.3725 74.5098 0 -621.395 -692.816
31.3725 78.4314 0 -639.977 -712.426
31.3725 82.3529 0 -660.639 -732.495
31.3725 86.2745 0 -681.087 -751.838
31.3725 90.1961 0 -700.439 -770.82
31.3725 94.1176 0 -720.999 -791.354
31.3725 98.0392 0 -740.542 -795.642
35.2941 -98.0392 15 -777.079 -747.708
35.2941 -94.1176 15 -769.614 -722.329
35.2941 -90.1961 15 -761.964 -699.945
35.2941 -86.2745 15 -752.875 -676.95
35.2941 -82.3529 15 -731.032 -654.564
35.2941 -78.4314 15 -708.234 -631.037
35.2941 -74.5098 15 -684.305 -608.254
35.2941 -70.5882 15 -661.308 -579.713
35.2941 -66.6667 15 -638.544 -549.487
35.2941 -62.7451 15 -615.835 -519.72
35.2941 -58.8235 15 -588.509 -488.752
35.2941 -54.902 15 -557.854 -459.822
35.2941 -50.9804 15 -527.644 -426.544
35.2941 -47.0588 15 -497.534 -388.902
35.2941 -43.1373 15 -467.531 -348.383
35.2941 -39.2157 15 -436.836 -301.806
35.2941 -35.2941 15 -398.447 -253.095
35.2941 -31.3725 15 -359.631 -193.672
35.2941 -27.451 15 -321.243 -132.318
35.2941 -23.5294 15 -282.029 -73.022
35.2941 -19.6078 15 -231.305 -34.2229
35.2941 -15.6863 15 -169.738 -58.5557
35.2941 -11.7647 15 -109.007 -71.029
35.2941 -7.84314 0 -62.894 -64.7793
35.2941 -3.92157 0 -53.6176 -105.774
35.2941 0 0 -84.4742 -114.684
35.2941 3.92157 0 -85.3924 -155.651
35.2941 7.84314 0 -98.8281 -182.841
35.2941 11.7647 0 -129.288 -228.631
35.2941 15.6863 0 -139.146 -271.84
35.2941 19.6078 0 -185.227 -325.977
35.2941 23.5294 0 -213.21 -380.914
35.2941 27.451 0 -262.919 -412.718
35.2941 31.3725 0 -306.904 -442.363
35.2941 35.2941 0 -362.653 -469.067
35.2941 39.2157 0 -403.106 -493.543
35.2941 43.1373 0 -431.841 -518.545
35.2941 47.0588 0 -458.399 -543.413
35.2941 50.9804 0 -484.593 -568.247
35.2941 54.902 0 -508.283 -592.404
35.2941 58.8235 0 -533.708 -616.808
35.2941 62.7451 0 -559.998 -636.069
35.2941 66.6667 0 -583.311 -657.301
35.2941 70.5882 0 -604.174 -677.289
35.2941 74.5098 0 -624.748 -696.481
35.2941 78.4314 0 -644.635 -716.094
35.2941 82.3529 0 -665.119 -735.278
35.2941 86.2745 0 -685.38 -755.453
35.2941 90.1961 0 -705.418 -775.889
35.2941 94.1176 0 -724.138 -794.625
35.2941 98.0392 0 -744.007 -799.584
39.2157 -98.0392 15 -769.554 -740.113
39.2157 -94.1176 15 -761.986 -715.686
39.2157 -90.1961 15 -753.167 -691.715
39.2157 -86.2745 15 -747.216 -669.696
39.2157 -82.3529 15 -721.749 -646.466
39.2157 -78.4314 15 -698.93 -624.044
39.2157 -74.5098 15 -676.204 -600.264
39.2157 -70.5882 15 -651.951 -568.756
39.2157 -66.6667 15 -630.783 -538.493
39.2157 -62.7451 15 -607.847 -508.403
39.2157 -58.8235 15 -577.28 -477.688
39.2157 -54.902 15 -546.274 -448.551
39.2157 -50.9804 15 -516.703 -412.967
39.2157 -47.0588 15 -487.054 -373.522
39.2157 -43.1373 15 -455.119 -332.756
39.2157 -39.2157 15 -423.911 -291.137
39.2157 -35.2941 15 -385.171 -240.866
39.2157 -31.3725 15 -352.843 -181.082
39.2157 -27.451 15 -314.227 -120.676
39.2157 -23.5294 15 -272.696 -66.7018
39.2157 -19.6078 15 -219.162 -38.1085
39.2157 -15.6863 15 -158.439 -72.6412
39.2157 -11.7647 15 -102.466 -78.304
39.2157 -7.84314 0 -59.2754 -81.2009
39.2157 -3.92157 0 -69.4643 -117.446
39.2157 0 0 -94.1559 -126.095
39.2157 3.92157 0 -88.1302 -170.469
39.2157 7.84314 0 -115.649 -197.491
39.2157 11.7647 0 -140.549 -245.853
39.2157 15.6863 0 -154.243 -289.306
39.2157 19.6078 0 -199.839 -344.386
39.2157 23.5294 0 -228.897 -391.646
39.2157 27.451 0 -279.627 -423.887
39.2157 31.3725 0 -324.256 -450.692
39.2157 35.2941 0 -380.292 -476.827
39.2157 39.2157 0 -413.705 -500.845
39.2157 43.1373 0 -439.314 -526.292
39.2157 47.0588 0 -465.864 -551.816
39.2157 50.9804 0 -491.978 -576.012
39.2157 54.902 0 -516.69 -599.697
39.2157 58.8235 0 -540.97 -621.235
39.2157 62.7451 0 -567.504 -639.753
39.2157 66.6667 0 -587.642 -660.636
39.2157 70.5882 0 -607.399 -681.675
39.2157 74.5098 0 -628.822 -700.165
39.2157 78.4314 0 -648.727 -720.241
39.2157 82.3529 0 -668.665 -739.521
39.2157 86.2745 0 -688.964 -759.773
39.2157 90.1961 0 -708.817 -779.311
39.2157 94.1176 0 -728.444 -797.891
39.2157 98.0392 0 -747.894 -801.435
43.1373 -98.0392 15 -761.506 -729.812
43.1373 -94.1176 15 -753.857 -707.977
43.1373 -90.1961 15 -747.347 -683.772
43.1373 -86.2745 15 -738.617 -661.285
43.1373 -82.3529 15 -715.847 -638.777
43.1373 -78.4314 15 -692.372 -616.22
43.1373 -74.5098 15 -668.507 -588.339
43.1373 -70.5882 15 -646.482 -558.164
43.1373 -66.6667 15 -624.554 -527.67
43.1373 -62.7451 15 -595.881 -497.916
43.1373 -58.8235 15 -565.978 -468.371
43.1373 -54.902 15 -536.156 -437.984
43.1373 -50.9804 15 -506.089 -398.92
43.1373 -47.0588 15 -474.829 -360.298
43.1373 -43.1373 15 -445.4 -321.475
43.1373 -39.2157 15 -409.272 -281.785
43.1373 -35.2941 15 -376.515 -230.862
43.1373 -31.3725 15 -345.097 -169.637
43.1373 -27.451 15 -307.035 -108.837
43.1373 -23.5294 15 -262.034 -62.5633
43.1373 -19.6078 15 -207.225 -53.2579
43.1373 -15.6863 15 -146.131 -84.1229
43.1373 -11.7647 15 -98.5027 -85.0536
43.1373 -7.84314 0 -61.0182 -98.4822
43.1373 -3.92157 0 -84.6393 -129.035
43.1373 0 0 -103.8 -138.802
43.1373 3.92157 0 -95.1788 -184.906
43.1373 7.84314 0 -132.212 -212.844
43.1373 11.7647 0 -149.887 -262.433
43.1373 15.6863 0 -172.381 -306.682
43.1373 19.6078 0 -213.928 -362.487
43.1373 23.5294 0 -245.637 -402.917
43.1373 27.451 0 -295.985 -431.375
43.1373 31.3725 0 -342.207 -458.163
43.1373 35.2941 0 -391.158 -484.625
43.1373 39.2157 0 -421.912 -508.632
43.1373 43.1373 0 -447.157 -534.022
43.1373 47.0588 0 -473.033 -559.272
43.1373 50.9804 0 -499.509 -583.042
43.1373 54.902 0 -523.621 -603.248
43.1373 58.8235 0 -549.131 -625.104
43.1373 62.7451 0 -571.599 -644.325
43.1373 66.6667 0 -591.877 -663.972
43.1373 70.5882 0 -611.943 -684.222
43.1373 74.5098 0 -632.761 -704.189
43.1373 78.4314 0 -652.151 -723.797
43.1373 82.3529 0 -673.165 -744.041
43.1373 86.2745 0 -692.744 -763.559
43.1373 90.1961 0 -712.16 -783.41
43.1373 94.1176 0 -732.544 -801.81
43.1373 98.0392 0 -752.337 -806.614
47.0588 -98.0392 15 -754.134 -722.319
47.0588 -94.1176 15 -747.311 -699.727
47.0588 -90.1961 15 -739.968 -676.824
47.0588 -86.2745 15 -731.525 -652.87
47.0588 -82.3529 15 -707.183 -630.242
47.0588 -78.4314 15 -684.24 -607.974
47.0588 -74.5098 15 -660.733 -576.639
47.0588 -70.5882 15 -637.476 -545.823
47.0588 -66.6667 15 -615.786 -516.373
47.0588 -62.7451 15 -585.773 -487.503
47.0588 -58.8235 15 -554.643 -455.422
47.0588 -54.902 15 -524.772 -423.803
47.0588 -50.9804 15 -494.963 -385.352
47.0588 -47.0588 15 -464.446 -351.826
47.0588 -43.1373 15 -434.631 -314.282
47.0588 -39.2157 15 -401.678 -271.805
47.0588 -35.2941 15 -370.191 -219.299
47.0588 -31.3725 15 -337.378 -158.21
47.0588 -27.451 15 -298.33 -102.125
47.0588 -23.5294 15 -252.539 -58.9656
47.0588 -19.6078 15 -195.57 -69.158
47.0588 -15.6863 15 -139.448 -93.9094
47.0588 -11.7647 15 -93.9073 -87.7577
47.0588 -7.84314 0 -64.1551 -115.262
47.0588 -3.92157 0 -100.226 -140.226
47.0588 0 0 -112.491 -153.918
47.0588 3.92157 0 -103.685 -199.488
47.0588 7.84314 0 -146.149 -228.455
47.0588 11.7647 0 -158.452 -279.363
47.0588 15.6863 0 -190.636 -323.932
47.0588 19.6078 0 -226.911 -379.89
47.0588 23.5294 0 -262.67 -413.941
47.0588 27.451 0 -311.619 -439.061
47.0588 31.3725 0 -360.095 -465.449
47.0588 35.2941 0 -402.532 -492.045
47.0588 39.2157 0 -429.593 -516.225
47.0588 43.1373 0 -454.95 -540.877
47.0588 47.0588 0 -481.258 -566.802
47.0588 50.9804 0 -507.862 -587.249
47.0588 54.902 0 -532.007 -607.515
47.0588 58.8235 0 -553.624 -628.869
47.0588 62.7451 0 -575.717 -647.289
47.0588 66.6667 0 -594.695 -667.944
47.0588 70.5882 0 -615.19 -688.791
47.0588 74.5098 0 -637.281 -708.194
47.0588 78.4314 0 -656.138 -727.567
47.0588 82.3529 0 -676.599 -748.079
47.0588 86.2745 0 -697.233 -767.875
47.0588 90.1961 0 -716.596 -787.217
47.0588 94.1176 0 -736.001 -805.664
47.0588 98.0392 0 -755.672 -810.207
50.9804 -98.0392 15 -746.609 -715.211
50.9804 -94.1176 15 -739.42 -692.209
50.9804 -90.1961 15 -731.427 -669.216
50.9804 -86.2745 15 -724.978 -646.459
50.9804 -82.3529 15 -699.77 -624.135
50.9804 -78.4314 15 -676.244 -595.717
50.9804 -74.5098 15 -653.248 -567.474
50.9804 -70.5882 15 -628.932 -535.486
50.9804 -66.6667 15 -605.099 -506.82
50.9804 -62.7451 15 -573.756 -476.493
50.9804 -58.8235 15 -543.201 -446.186
50.9804 -54.902 15 -512.57 -409.541
50.9804 -50.9804 15 -483.13 -376.48
50.9804 -47.0588 15 -452.567 -345.235
50.9804 -43.1373 15 -427.067 -306.605
50.9804 -39.2157 15 -394.581 -261.157
50.9804 -35.2941 15 -365.063 -206.844
50.9804 -31.3725 15 -329.369 -145.988
50.9804 -27.451 15 -289.102 -98.0185
50.9804 -23.5294 15 -240.966 -60.6239
50.9804 -19.6078 15 -183.902 -84.3424
50.9804 -15.6863 15 -135.184 -103.386
50.9804 -11.7647 0 -89.837 -94.8002
50.9804 -7.84314 0 -72.5964 -131.847
50.9804 -3.92157 0 -113.104 -149.506
50.9804 0 0 -118.608 -172.046
50.9804 3.92157 0 -115.906 -213.672
50.9804 7.84314 0 -158.921 -245.36
50.9804 11.7647 0 -169.571 -295.576
50.9804 15.6863 0 -208.053 -341.79
50.9804 19.6078 0 -239.499 -390.541
50.9804 23.5294 0 -279.975 -421.557
50.9804 27.451 0 -327.388 -446.811
50.9804 31.3725 0 -377.903 -472.768
50.9804 35.2941 0 -409.847 -499.344
50.9804 39.2157 0 -436.822 -523.183
50.9804 43.1373 0 -462.358 -548.847
50.9804 47.0588 0 -488.654 -571.105
50.9804 50.9804 0 -515.11 -591.239
50.9804 54.902 0 -535.993 -611.569
50.9804 58.8235 0 -557.446 -632.634
50.9804 62.7451 0 -578.66 -651.947
50.9804 66.6667 0 -599.253 -673.14
50.9804 70.5882 0 -619.691 -693.186
50.9804 74.5098 0 -640.502 -712.589
50.9804 78.4314 0 -659.437 -731.708
50.9804 82.3529 0 -680.943 -752.022
50.9804 86.2745 0 -700.788 -771.558
50.9804 90.1961 0 -720.384 -790.408
50.9804 94.1176 0 -740.347 -810.102
50.9804 98.0392 0 -759.571 -813.541
54.902 -98.0392 15 -739.283 -708.043
54.902 -94.1176 15 -730.791 -686.018
54.902 -90.1961 15 -724.195 -661.561
54.902 -86.2745 15 -716.387 -637.512
54.902 -82.3529 15 -693.703 -616.22
54.902 -78.4314 15 -669.095 -585.817
54.902 -74.5098 15 -645.518 -555.803
54.902 -70.5882 15 -622.561 -524.696
54.902 -66.6667 15 -593.441 -494.524
54.902 -62.7451 15 -564.369 -465.331
54.902 -58.8235 15 -532.499 -433.931
54.902 -54.902 15 -502.766 -401.03
54.902 -50.9804 15 -472.24 -370.227
54.902 -47.0588 15 -448.919 -337.215
54.902 -43.1373 15 -420.136 -298.347
54.902 -39.2157 15 -389.489 -252.366
54.902 -35.2941 15 -358.178 -195.039
54.902 -31.3725 15 -321.362 -138.906
54.902 -27.451 15 -279.73 -93.4317
54.902 -23.5294 15 -230.728 -63.8083
54.902 -19.6078 15 -176.155 -99.8511
54.902 -15.6863 15 -130.63 -112.03
54.902 -11.7647 0 -90.316 -103.314
54.902 -7.84314 0 -88.963 -145.802
54.902 -3.92157 0 -124.673 -158.08
54.902 0 0 -122.763 -190.273
54.902 3.92157 0 -133.34 -226.589
54.902 7.84314 0 -171.839 -262.244
54.902 11.7647 0 -182.169 -311.256
54.902 15.6863 0 -224.907 -359.884
54.902 19.6078 0 -254.235 -401.864
54.902 23.5294 0 -297.973 -428.912
54.902 27.451 0 -344.302 -454.358
54.902 31.3725 0 -389.217 -480.507
54.902 35.2941 0 -418.066 -507.068
54.902 39.2157 0 -444.901 -532.238
54.902 43.1373 0 -469.843 -553.292
54.902 47.0588 0 -496.316 -574.36
54.902 50.9804 0 -518.991 -594.718
54.902 54.902 0 -539.954 -615.559
54.902 58.8235 0 -561.428 -636.439
54.902 62.7451 0 -583.314 -655.957
54.902 66.6667 0 -603.153 -676.394
54.902 70.5882 0 -623.974 -696.279
54.902 74.5098 0 -644.89 -715.518
54.902 78.4314 0 -663.769 -735.964
54.902 82.3529 0 -683.798 -755.519
54.902 86.2745 0 -704.709 -775.207
54.902 90.1961 0 -723.716 -794.774
54.902 94.1176 0 -744.413 -814.517
54.902 98.0392 0 -764.511 -817.98
58.8235 -98.0392 15 -731.223 -700.065
58.8235 -94.1176 15 -724.464 -677.033
58.8235 -90.1961 15 -715.784 -653.478
58.8235 -86.2745 15 -708.802 -630.429
58.8235 -82.3529 15 -685.369 -604.657
58.8235 -78.4314 15 -661.966 -573.51
58.8235 -74.5098 15 -638.26 -543.727
58.8235 -70.5882 15 -611.765 -512.979
58.8235 -66.6667 15 -582.476 -484.356
58.8235 -62.7451 15 -551.307 -453.683
58.8235 -58.8235 15 -521.546 -426.154
58.8235 -54.902 15 -490.838 -394.177
58.8235 -50.9804 15 -468.036 -365.025
58.8235 -47.0588 15 -445.175 -329.696
58.8235 -43.1373 15 -413.856 -289.566
58.8235 -39.2157 15 -383.017 -240.556
58.8235 -35.2941 15 -351.891 -183.705
58.8235 -31.3725 15 -312.343 -134.878
58.8235 -27.451 15 -269.349 -89.5893
58.8235 -23.5294 15 -219.897 -72.2522
58.8235 -19.6078 15 -172.481 -112.82
58.8235 -15.6863 15 -126.45 -118.181
58.8235 -11.7647 0 -92.7542 -115.537
58.8235 -7.84314 0 -106.194 -158.682
58.8235 -3.92157 0 -135.814 -169.259
58.8235 0 0 -128.995 -207.649
58.8235 3.92157 0 -151.31 -239.043
58.8235 7.84314 0 -183.698 -279.666
58.8235 11.7647 0 -194.721 -326.957
58.8235 15.6863 0 -240.585 -377.529
58.8235 19.6078 0 -269.924 -409.662
58.8235 23.5294 0 -316.364 -436.689
58.8235 27.451 0 -361.626 -461.975
58.8235 31.3725 0 -396.902 -488.324
58.8235 35.2941 0 -425.25 -514.669
58.8235 39.2157 0 -452.455 -535.649
58.8235 43.1373 0 -477.785 -557.007
58.8235 47.0588 0 -500.28 -578.424
58.8235 50.9804 0 -523.359 -598.855
58.8235 54.902 0 -543.821 -619.221
58.8235 58.8235 0 -565.421 -640.194
58.8235 62.7451 0 -585.722 -660.055
58.8235 66.6667 0 -606.543 -679.771
58.8235 70.5882 0 -627.255 -700.458
58.8235 74.5098 0 -648.427 -720.207
58.8235 78.4314 0 -668.112 -739.383
58.8235 82.3529 0 -688.318 -758.847
58.8235 86.2745 0 -708.575 -778.418
58.8235 90.1961 0 -727.901 -798.922
58.8235 94.1176 0 -747.483 -818.064
58.8235 98.0392 0 -767.287 -822.307
62.7451 -98.0392 15 -723.874 -694.297
62.7451 -94.1176 15 -716.178 -669.335
62.7451 -90.1961 15 -708.798 -645.08
62.7451 -86.2745 15 -701.885 -622.921
62.7451 -82.3529 15 -678.242 -593.884
62.7451 -78.4314 15 -655.783 -563.7
62.7451 -74.5098 15 -630.122 -533.3
62.7451 -70.5882 15 -601.351 -502.17
62.7451 -66.6667 15 -571.873 -473.11
62.7451 -62.7451 15 -540.931 -448.638
62.7451 -58.8235 15 -509.827 -419.798
62.7451 -54.902 15 -485.912 -388.57
62.7451 -50.9804 15 -464.165 -358.399
62.7451 -47.0588 15 -439.7 -320.463
62.7451 -43.1373 15 -407.687 -279.345
62.7451 -39.2157 15 -376.468 -230.641
62.7451 -35.2941 15 -343.908 -176.003
62.7451 -31.3725 15 -304.767 -130.223
62.7451 -27.451 15 -259.98 -89.9536
62.7451 -23.5294 15 -213.535 -88.6297
62.7451 -19.6078 15 -168.105 -124.412
62.7451 -15.6863 0 -122.073 -122.258
62.7451 -11.7647 0 -95.553 -133.012
62.7451 -7.84314 0 -122.875 -171.477
62.7451 -3.92157 0 -146.03 -181.808
62.7451 0 0 -137.225 -224.543
62.7451 3.92157 0 -168.4 -253.776
62.7451 7.84314 0 -193.562 -297.769
62.7451 11.7647 0 -209.297 -343.944
62.7451 15.6863 0 -255.557 -388.745
62.7451 19.6078 0 -285.205 -417.786
62.7451 23.5294 0 -334.11 -444.345
62.7451 27.451 0 -379.198 -469.602
62.7451 31.3725 0 -404.745 -496.029
62.7451 35.2941 0 -433.024 -518.712
62.7451 39.2157 0 -459.899 -539.422
62.7451 43.1373 0 -481.339 -560.786
62.7451 47.0588 0 -504.215 -582.337
62.7451 50.9804 0 -526.92 -602.897
62.7451 54.902 0 -547.505 -622.868
62.7451 58.8235 0 -568.973 -643.929
62.7451 62.7451 0 -590.388 -663.866
62.7451 66.6667 0 -610.74 -683.569
62.7451 70.5882 0 -630.878 -704.346
62.7451 74.5098 0 -652.247 -724.142
62.7451 78.4314 0 -671.972 -743.46
62.7451 82.3529 0 -691.777 -763.761
62.7451 86.2745 0 -712.421 -783.502
62.7451 90.1961 0 -731.695 -801.863
62.7451 94.1176 0 -750.718 -821.43
62.7451 98.0392 0 -771.619 -825.426
66.6667 -98.0392 15 -716.615 -685.316
66.6667 -94.1176 15 -707.645 -662.878
66.6667 -90.1961 15 -700.902 -638.968
66.6667 -86.2745 15 -694.091 -612.849
66.6667 -82.3529 15 -669.997 -583.409
66.6667 -78.4314 15 -646.671 -552.287
66.6667 -74.5098 15 -619.295 -520.919
66.6667 -70.5882 15 -589.476 -491.04
66.6667 -66.6667 15 -560.6 -467.209
66.6667 -62.7451 15 -529.378 -444.655
66.6667 -58.8235 15 -505.304 -413.789
66.6667 -54.902 15 -484.136 -383.501
66.6667 -50.9804 15 -460.017 -351.84
66.6667 -47.0588 15 -433.011 -312.095
66.6667 -43.1373 15 -401.344 -270.108
66.6667 -39.2157 15 -371.257 -219.525
66.6667 -35.2941 15 -335.71 -172.633
66.6667 -31.3725 15 -296.693 -126.08
66.6667 -27.451 15 -250.188 -92.4816
66.6667 -23.5294 15 -209.11 -105.888
66.6667 -19.6078 15 -163.736 -135.411
66.6667 -15.6863 0 -122.39 -128.664
66.6667 -11.7647 0 -102.579 -150.965
66.6667 -7.84314 0 -139.16 -183.471
66.6667 -3.92157 0 -153.497 -194.351
66.6667 0 0 -145.485 -240.304
66.6667 3.92157 0 -184.992 -269.58
66.6667 7.84314 0 -202.004 -316.096
66.6667 11.7647 0 -224.696 -361.509
66.6667 15.6863 0 -270.014 -396.532
66.6667 19.6078 0 -300.758 -424.892
66.6667 23.5294 0 -351.357 -451.961
66.6667 27.451 0 -386.684 -477.074
66.6667 31.3725 0 -412.474 -499.985
66.6667 35.2941 0 -440.551 -522.856
66.6667 39.2157 0 -463.652 -543.46
66.6667 43.1373 0 -485.457 -564.8
66.6667 47.0588 0 -508.126 -586.348
66.6667 50.9804 0 -530.662 -606.94
66.6667 54.902 0 -551.673 -627.169
66.6667 58.8235 0 -572.952 -647.719
66.6667 62.7451 0 -594.875 -667.317
66.6667 66.6667 0 -614.706 -688.304
66.6667 70.5882 0 -634.612 -707.296
66.6667 74.5098 0 -656.463 -728.194
66.6667 78.4314 0 -675.476 -746.877
66.6667 82.3529 0 -695.831 -767.651
66.6667 86.2745 0 -716.185 -787.521
66.6667 90.1961 0 -736.215 -806.541
66.6667 94.1176 0 -756.445 -825.519
66.6667 98.0392 0 -775.419 -830.346
70.5882 -98.0392 15 -708.564 -677.279
70.5882 -94.1176 15 -701.394 -655.157
70.5882 -90.1961 15 -693.518 -631.36
70.5882 -86.2745 15 -686.744 -601.708
70.5882 -82.3529 15 -661.054 -571.965
70.5882 -78.4314 15 -638.798 -541.688
70.5882 -74.5098 15 -609.283 -509.21
70.5882 -70.5882 15 -579.142 -485.154
70.5882 -66.6667 15 -548.426 -463.913
70.5882 -62.7451 15 -524.035 -439.73
70.5882 -58.8235 15 -501.807 -408.436
70.5882 -54.902 15 -479.307 -376.44
70.5882 -50.9804 15 -457.432 -343.776
70.5882 -47.0588 15 -425.01 -304.514
70.5882 -43.1373 15 -396.525 -259.379
70.5882 -39.2157 15 -364.623 -213.63
70.5882 -35.2941 15 -327.523 -167.289
70.5882 -31.3725 15 -287.724 -121.988
70.5882 -27.451 15 -245.916 -95.2153
70.5882 -23.5294 15 -205.772 -122.444
70.5882 -19.6078 15 -159.519 -145.722
70.5882 -15.6863 0 -125.245 -136.912
70.5882 -11.7647 0 -111.096 -168.118
70.5882 -7.84314 0 -153.013 -193.198
70.5882 -3.92157 0 -157.873 -208.902
70.5882 0 0 -156.924 -255.34
70.5882 3.92157 0 -199.727 -284.94
70.5882 7.84314 0 -213.158 -333.67
70.5882 11.7647 0 -240.885 -378.585
70.5882 15.6863 0 -283.47 -404.2
70.5882 19.6078 0 -317.285 -432.854
70.5882 23.5294 0 -367.68 -459.659
70.5882 27.451 0 -394.127 -481.018
70.5882 31.3725 0 -419.682 -503.757
70.5882 35.2941 0 -444.436 -526.629
70.5882 39.2157 0 -467.413 -547.35
70.5882 43.1373 0 -489.17 -568.916
70.5882 47.0588 0 -511.698 -590.423
70.5882 50.9804 0 -534.992 -610.147
70.5882 54.902 0 -555.642 -630.737
70.5882 58.8235 0 -576.86 -652.219
70.5882 62.7451 0 -597.979 -671.158
70.5882 66.6667 0 -619.19 -690.967
70.5882 70.5882 0 -638.98 -712.761
70.5882 74.5098 0 -659.969 -731.852
70.5882 78.4314 0 -678.882 -750.912
70.5882 82.3529 0 -699.677 -771.219
70.5882 86.2745 0 -720.001 -790.864
70.5882 90.1961 0 -739.753 -809.782
70.5882 94.1176 0 -760.321 -829.592
70.5882 98.0392 0 -779.612 -833.167
74.5098 -98.0392 15 -701.282 -670.239
74.5098 -94.1176 15 -693.877 -647.877
74.5098 -90.1961 15 -685.846 -619.469
74.5098 -86.2745 15 -678.422 -590.349
74.5098 -82.3529 15 -655.228 -560.407
74.5098 -78.4314 15 -627.93 -530.224
74.5098 -74.5098 15 -597.076 -505.481
74.5098 -70.5882 15 -567.556 -482.788
74.5098 -66.6667 15 -545.126 -459.955
74.5098 -62.7451 15 -522.373 -431.874
74.5098 -58.8235 15 -498.77 -401.136
74.5098 -54.902 15 -476.981 -371.151
74.5098 -50.9804 15 -450.544 -334.832
74.5098 -47.0588 15 -421.595 -296.31
74.5098 -43.1373 15 -390.068 -249.686
74.5098 -39.2157 15 -358.191 -208.804
74.5098 -35.2941 15 -319.267 -163.238
74.5098 -31.3725 15 -278.128 -122.112
74.5098 -27.451 15 -242.711 -102.24
74.5098 -23.5294 15 -201.139 -138.924
74.5098 -19.6078 15 -154.982 -153.319
74.5098 -15.6863 0 -127.43 -145.155
74.5098 -11.7647 0 -123.191 -184.578
74.5098 -7.84314 0 -165.575 -201.629
74.5098 -3.92157 0 -164.276 -224.226
74.5098 0 0 -169.489 -269.567
74.5098 3.92157 0 -213.207 -300.405
74.5098 7.84314 0 -226.244 -350.881
74.5098 11.7647 0 -258.716 -386.489
74.5098 15.6863 0 -295.86 -411.922
74.5098 19.6078 0 -334.169 -440.451
74.5098 23.5294 0 -374.999 -463.189
74.5098 27.451 0 -401.932 -485.002
74.5098 31.3725 0 -423.565 -507.173
74.5098 35.2941 0 -448.274 -530.439
74.5098 39.2157 0 -471.683 -551.28
74.5098 43.1373 0 -492.888 -572.502
74.5098 47.0588 0 -515.938 -594.216
74.5098 50.9804 0 -538.593 -614.314
74.5098 54.902 0 -559.35 -634.83
74.5098 58.8235 0 -580.676 -656.487
74.5098 62.7451 0 -602.84 -675.109
74.5098 66.6667 0 -622.361 -696.005
74.5098 70.5882 0 -642.762 -715.396
74.5098 74.5098 0 -663.333 -735.428
74.5098 78.4314 0 -683.313 -755.432
74.5098 82.3529 0 -703.726 -774.52
74.5098 86.2745 0 -724.793 -794.575
74.5098 90.1961 0 -743.804 -813.993
74.5098 94.1176 0 -762.738 -833.659
74.5098 98.0392 0 -783.124 -837.084
78.4314 -98.0392 15 -693.657 -662.103
78.4314 -94.1176 15 -685.519 -638.756
78.4314 -90.1961 15 -678.794 -609.372
78.4314 -86.2745 15 -669.252 -579.12
78.4314 -82.3529 15 -647.331 -549.468
78.4314 -78.4314 15 -616.034 -524.808
78.4314 -74.5098 15 -586.108 -502.351
78.4314 -70.5882 15 -562.856 -479.564
78.4314 -66.6667 15 -540.685 -457.955
78.4314 -62.7451 15 -517.561 -424.934
78.4314 -58.8235 15 -495.751 -395.078
78.4314 -54.902 15 -473.1 -364.476
78.4314 -50.9804 15 -443.728 -326.85
78.4314 -47.0588 15 -414.555 -287.692
78.4314 -43.1373 15 -384.405 -245.389
78.4314 -39.2157 15 -350.994 -205.383
78.4314 -35.2941 15 -310.01 -159.259
78.4314 -31.3725 15 -272.278 -124.959
78.4314 -27.451 15 -239.698 -110.709
78.4314 -23.5294 15 -196.524 -152.711
78.4314 -19.6078 0 -155.568 -157.511
78.4314 -15.6863 0 -130.216 -156.582
78.4314 -11.7647 0 -140.47 -199.401
78.4314 -7.84314 0 -177.489 -212.837
78.4314 -3.92157 0 -172.665 -240.584
78.4314 0 0 -184.187 -282.954
78.4314 3.92157 0 -226.127 -316.899
78.4314 7.84314 0 -238.386 -367.189
78.4314 11.7647 0 -276.992 -393.813
78.4314 15.6863 0 -310.83 -419.337
78.4314 19.6078 0 -351.139 -444.04
78.4314 23.5294 0 -382.877 -467.427
78.4314 27.451 0 -405.615 -488.668
78.4314 31.3725 0 -427.596 -511.221
78.4314 35.2941 0 -452.218 -534.288
78.4314 39.2157 0 -475.288 -554.93
78.4314 43.1373 0 -496.92 -576.558
78.4314 47.0588 0 -519.671 -597.777
78.4314 50.9804 0 -542.583 -617.962
78.4314 54.902 0 -563.289 -639.132
78.4314 58.8235 0 -585.066 -659.956
78.4314 62.7451 0 -606.665 -679.522
78.4314 66.6667 0 -626.118 -699.327
78.4314 70.5882 0 -647.246 -720.052
78.4314 74.5098 0 -668.331 -739.421
78.4314 78.4314 0 -686.869 -758.882
78.4314 82.3529 0 -707.535 -778.866
78.4314 86.2745 0 -727.8 -798.952
78.4314 90.1961 0 -747.042 -818.655
78.4314 94.1176 0 -767.536 -837.835
78.4314 98.0392 0 -787.241 -841.458
82.3529 -98.0392 15 -686.946 -654.632
82.3529 -94.1176 15 -677.874 -627.832
82.3529 -90.1961 15 -669.927 -597.908
82.3529 -86.2745 15 -661.876 -567.449
82.3529 -82.3529 15 -635.248 -543.922
82.3529 -78.4314 15 -604.896 -520.985
82.3529 -74.5098 15 -581.528 -498.004
82.3529 -70.5882 15 -560.342 -475.954
82.3529 -66.6667 15 -537.443 -449.951
82.3529 -62.7451 15 -514.03 -421.244
82.3529 -58.8235 15 -491.713 -389.655
82.3529 -54.902 15 -470.521 -358.756
82.3529 -50.9804 15 -438.549 -318.925
82.3529 -47.0588 15 -408.903 -276.831
82.3529 -43.1373 15 -376.605 -241.932
82.3529 -39.2157 15 -341.815 -201.308
82.3529 -35.2941 15 -302.183 -154.947
82.3529 -31.3725 15 -271.426 -127.15
82.3529 -27.451 15 -235.709 -122.846
82.3529 -23.5294 15 -192.671 -165.244
82.3529 -19.6078 0 -157.92 -163.999
82.3529 -15.6863 0 -136.404 -169.123
82.3529 -11.7647 0 -158.358 -212.903
82.3529 -7.84314 0 -187.607 -225.809
82.3529 -3.92157 0 -180.771 -258.515
82.3529 0 0 -201.909 -295.528
82.3529 3.92157 0 -237.356 -333.69
82.3529 7.84314 0 -250.978 -374.611
82.3529 11.7647 0 -294.156 -401.32
82.3529 15.6863 0 -326.199 -423.385
82.3529 19.6078 0 -358.718 -448.02
82.3529 23.5294 0 -386.875 -471.238
82.3529 27.451 0 -409.651 -492.702
82.3529 31.3725 0 -431.451 -515.343
82.3529 35.2941 0 -456.176 -538.738
82.3529 39.2157 0 -479.251 -559.052
82.3529 43.1373 0 -501.085 -580.462
82.3529 47.0588 0 -523.433 -601.937
82.3529 50.9804 0 -546.268 -622.229
82.3529 54.902 0 -566.898 -642.426
82.3529 58.8235 0 -588.853 -663.672
82.3529 62.7451 0 -609.665 -683.463
82.3529 66.6667 0 -630.249 -703.228
82.3529 70.5882 0 -650.27 -724.111
82.3529 74.5098 0 -671.93 -742.953
82.3529 78.4314 0 -691.132 -763.323
82.3529 82.3529 0 -711.513 -783.55
82.3529 86.2745 0 -731.99 -803.332
82.3529 90.1961 0 -751.567 -821.862
82.3529 94.1176 0 -771.08 -841.727
82.3529 98.0392 0 -790.945 -845.035
86.2745 -98.0392 15 -677.116 -648.263
86.2745 -94.1176 15 -669.602 -616.705
86.2745 -90.1961 15 -662.525 -587.447
86.2745 -86.2745 15 -655.403 -562.035
86.2745 -82.3529 15 -625.886 -540.472
86.2745 -78.4314 15 -599.543 -517.554
86.2745 -74.5098 15 -578.471 -494.989
86.2745 -70.5882 15 -556.775 -473.743
86.2745 -66.6667 15 -534.169 -443.868
86.2745 -62.7451 15 -511.743 -413.912
86.2745 -58.8235 15 -489.31 -383.3
86.2745 -54.902 15 -463.695 -350.852
86.2745 -50.9804 15 -433.103 -309.964
86.2745 -47.0588 15 -401.968 -272.253
86.2745 -43.1373 15 -370.783 -239.331
86.2745 -39.2157 15 -334.136 -196.628
86.2745 -35.2941 15 -299.588 -155.345
86.2745 -31.3725 15 -268.305 -129.89
86.2745 -27.451 15 -232.695 -140.165
86.2745 -23.5294 15 -188.39 -177.192
86.2745 -19.6078 0 -160.467 -172.288
86.2745 -15.6863 0 -144.538 -183.84
86.2745 -11.7647 0 -175.293 -225.714
86.2745 -7.84314 0 -193.617 -237.948
86.2745 -3.92157 0 -188.943 -276.583
86.2745 0 0 -219.931 -310.363
86.2745 3.92157 0 -246.117 -350.535
86.2745 7.84314 0 -265.392 -382.604
86.2745 11.7647 0 -310.301 -405.335
86.2745 15.6863 0 -341.757 -427.161
86.2745 19.6078 0 -362.45 -452.125
86.2745 23.5294 0 -390.871 -475.078
86.2745 27.451 0 -413.537 -496.909
86.2745 31.3725 0 -435.414 -519.239
86.2745 35.2941 0 -459.943 -541.715
86.2745 39.2157 0 -483.262 -562.492
86.2745 43.1373 0 -504.741 -584.099
86.2745 47.0588 0 -527.279 -605.787
86.2745 50.9804 0 -550.358 -626.071
86.2745 54.902 0 -570.584 -646.163
86.2745 58.8235 0 -592.143 -667.886
86.2745 62.7451 0 -613.414 -687.141
86.2745 66.6667 0 -634.774 -707.122
86.2745 70.5882 0 -654.562 -727.615
86.2745 74.5098 0 -675.303 -747.498
86.2745 78.4314 0 -695.095 -765.888
86.2745 82.3529 0 -715.968 -786.863
86.2745 86.2745 0 -736.109 -807.268
86.2745 90.1961 0 -755.405 -825.694
86.2745 94.1176 0 -775.196 -845.415
86.2745 98.0392 0 -795.638 -849.16
90.1961 -98.0392 15 -670.331 -635.503
90.1961 -94.1176 15 -662.012 -604.009
90.1961 -90.1961 15 -654.954 -581.156
90.1961 -86.2745 15 -644.878 -560.419
90.1961 -82.3529 15 -619.308 -536.475
90.1961 -78.4314 15 -596.147 -514.056
90.1961 -74.5098 15 -574.414 -492.944
90.1961 -70.5882 15 -553.137 -470.423
90.1961 -66.6667 15 -530.915 -437.708
90.1961 -62.7451 15 -508.495 -408.479
90.1961 -58.8235 15 -485.533 -377.736
90.1961 -54.902 15 -458.222 -341.631
90.1961 -50.9804 15 -426.781 -301.673
90.1961 -47.0588 15 -395.603 -270.149
90.1961 -43.1373 15 -364.324 -234.716
90.1961 -39.2157 15 -325.374 -191.926
90.1961 -35.2941 15 -297.516 -157.417
90.1961 -31.3725 15 -266.443 -136.103
90.1961 -27.451 15 -227.786 -158.054
90.1961 -23.5294 15 -188.266 -187.211
90.1961 -19.6078 0 -162.998 -180.237
90.1961 -15.6863 0 -152.817 -201.504
90.1961 -11.7647 0 -191.583 -237.114
90.1961 -7.84314 0 -199.899 -250.547
90.1961 -3.92157 0 -199.989 -293.717
90.1961 0 0 -236.85 -325.804
90.1961 3.92157 0 -257.197 -358.38
90.1961 7.84314 0 -280.142 -386.511
90.1961 11.7647 0 -325.344 -409.193
90.1961 15.6863 0 -345.637 -430.961
90.1961 19.6078 0 -366.486 -455.827
90.1961 23.5294 0 -394.506 -478.838
90.1961 27.451 0 -417.316 -500.59
90.1961 31.3725 0 -439.059 -523.173
90.1961 35.2941 0 -463.974 -546.328
90.1961 39.2157 0 -487.227 -566.524
90.1961 43.1373 0 -508.376 -588.391
90.1961 47.0588 0 -531.457 -609.474
90.1961 50.9804 0 -554.268 -629.671
90.1961 54.902 0 -575.209 -650.222
90.1961 58.8235 0 -596.022 -671.483
90.1961 62.7451 0 -617.855 -690.486
90.1961 66.6667 0 -638.378 -710.899
90.1961 70.5882 0 -658.733 -731.038
90.1961 74.5098 0 -679.855 -751.437
90.1961 78.4314 0 -698.379 -770.895
90.1961 82.3529 0 -719.645 -791.237
90.1961 86.2745 0 -739.084 -810.368
90.1961 90.1961 0 -759.408 -830.027
90.1961 94.1176 0 -778.035 -848.933
90.1961 98.0392 0 -797.978 -852.662
94.1176 -98.0392 15 -662.699 -625.836
94.1176 -94.1176 15 -656 -599.901
94.1176 -90.1961 15 -644.113 -578.785
94.1176 -86.2745 15 -638.995 -555.585
94.1176 -82.3529 15 -616.111 -534.713
94.1176 -78.4314 15 -593.09 -511.414
94.1176 -74.5098 15 -572.813 -488.581
94.1176 -70.5882 15 -549.813 -463.984
94.1176 -66.6667 15 -528.483 -433.063
94.1176 -62.7451 15 -504.539 -401.936
94.1176 -58.8235 15 -482.135 -371.211
94.1176 -54.902 15 -451.192 -333.536
94.1176 -50.9804 15 -421.006 -299.149
94.1176 -47.0588 15 -390.334 -268.371
94.1176 -43.1373 15 -357.582 -232.385
94.1176 -39.2157 15 -322.29 -188.216
94.1176 -35.2941 15 -295.868 -160.043
94.1176 -31.3725 15 -263.452 -144.206
94.1176 -27.451 15 -225.548 -174.969
94.1176 -23.5294 0 -191.028 -193.432
94.1176 -19.6078 0 -165.303 -188.63
94.1176 -15.6863 0 -164.16 -219.55
94.1176 -11.7647 0 -205.501 -245.787
94.1176 -7.84314 0 -208.122 -264.852
94.1176 -3.92157 0 -212.171 -309.828
94.1176 0 0 -252.831 -341.614
94.1176 3.92157 0 -269.719 -362.369
94.1176 7.84314 0 -295.498 -390.354
94.1176 11.7647 0 -329.307 -413.281
94.1176 15.6863 0 -349.588 -434.884
94.1176 19.6078 0 -370.444 -459.747
94.1176 23.5294 0 -398.395 -482.89
94.1176 27.451 0 -421.328 -504.632
94.1176 31.3725 0 -442.836 -527.01
94.1176 35.2941 0 -468.144 -549.71
94.1176 39.2157 0 -491.057 -570.998
94.1176 43.1373 0 -512.468 -592.078
94.1176 47.0588 0 -535.125 -613.095
94.1176 50.9804 0 -558.153 -633.83
94.1176 54.902 0 -578.964 -653.829
94.1176 58.8235 0 -600.221 -676.323
94.1176 62.7451 0 -621.577 -694.725
94.1176 66.6667 0 -642.116 -715.408
94.1176 70.5882 0 -662.892 -735.367
94.1176 74.5098 0 -683.373 -755.108
94.1176 78.4314 0 -702.406 -774.785
94.1176 82.3529 0 -723.4 -794.767
94.1176 86.2745 0 -743.637 -815.044
94.1176 90.1961 0 -763.477 -834.037
94.1176 94.1176 0 -783.382 -852.909
94.1176 98.0392 0 -802.016 -856.997
98.0392 -98.0392 15 -655.621 -617.937
98.0392 -94.1176 15 -644.923 -596.267
98.0392 -90.1961 15 -639.458 -573.954
98.0392 -86.2745 15 -634.722 -552.323
98.0392 -82.3529 15 -614.439 -530.746
98.0392 -78.4314 15 -589.956 -508.19
98.0392 -74.5098 15 -568.027 -485.593
98.0392 -70.5882 15 -545.44 -457.148
98.0392 -66.6667 15 -524.902 -426.871
98.0392 -62.7451 15 -499.962 -394.728
98.0392 -58.8235 15 -476.45 -364.799
98.0392 -54.902 15 -445.228 -325.468
98.0392 -50.9804 15 -414.7 -297.969
98.0392 -47.0588 15 -382.982 -266.142
98.0392 -43.1373 15 -348.364 -227.568
98.0392 -39.2157 15 -321.673 -187.777
98.0392 -35.2941 15 -294.24 -162.775
98.0392 -31.3725 15 -260.155 -152.512
98.0392 -27.451 15 -220.974 -191.122
98.0392 -23.5294 0 -193.276 -199.581
98.0392 -19.6078 0 -171.515 -199.67
98.0392 -15.6863 0 -176.621 -236.559
98.0392 -11.7647 0 -217.716 -256.745
98.0392 -7.84314 0 -216.442 -279.876
98.0392 -3.92157 0 -224.592 -325.121
98.0392 0 0 -266.995 -345.383
98.0392 3.92157 0 -282.446 -366.149
98.0392 7.84314 0 -299.511 -394.153
98.0392 11.7647 0 -333.094 -416.775
98.0392 15.6863 0 -353.459 -438.856
98.0392 19.6078 0 -374.398 -463.532
98.0392 23.5294 0 -402.28 -486.885
98.0392 27.451 0 -425.052 -508.494
98.0392 31.3725 0 -447.107 -531.171
98.0392 35.2941 0 -471.63 -554.009
98.0392 39.2157 0 -495.412 -574.764
98.0392 43.1373 0 -516.331 -595.793
98.0392 47.0588 0 -538.459 -617.253
98.0392 50.9804 0 -561.924 -637.718
98.0392 54.902 0 -582.384 -657.816
98.0392 58.8235 0 -603.772 -679.053
98.0392 62.7451 0 -625.88 -698.64
98.0392 66.6667 0 -645.974 -719.355
98.0392 70.5882 0 -665.877 -738.868
98.0392 74.5098 0 -687.592 -759.144
98.0392 78.4314 0 -707.125 -778.569
98.0392 82.3529 0 -727.093 -797.506
98.0392 86.2745 0 -747.532 -818.313
98.0392 90.1961 0 -766.867 -837.597
98.0392 94.1176 0 -786.661 -856.581
98.0392 98.0392 0 -806.887 -860.783
